31022 5 17
0 4 11726
3 4 23284
2 3 17649
2 5 24096
0 3 3843
1 3 11238
0 5 9354
4 5 13812
3 4 1637
3 4 22510
3 4 5655
0 4 20382
1 3 4930
3 5 4008
2 3 15095
0 5 19389
4 5 30650
18528 3 21
0 3 28336
1 2 24031
2 3 9080
0 1 11878
1 3 734
1 2 13305
2 3 24644
1 2 3711
0 1 26601
0 2 27854
0 1 28542
0 1 6138
0 2 15823
0 2 15867
1 3 554
2 3 18387
2 3 32240
0 2 22671
1 3 17882
0 1 23794
1 3 22645
18899 2 0
28081 6 3
4 5 29933
1 6 26625
1 3 32203
17353 6 4
1 6 32640
2 4 28891
3 6 1920
1 6 20129
14443 3 3
1 2 30296
0 2 13567
1 2 28493
9440 4 2
1 2 29711
1 2 7802
15194 4 19
2 3 6928
0 4 5389
0 3 12108
2 4 31671
0 3 21307
3 4 17239
1 2 25117
2 4 28706
0 4 5284
1 4 3376
0 4 14042
3 4 29630
0 3 32549
2 3 1673
0 4 1065
2 4 9063
2 4 26027
3 4 11551
0 4 6399
14594 1 1
0 1 4720
13127 2 2
0 1 26438
0 1 7147
5882 4 21
2 3 7994
0 1 21361
2 4 30551
1 3 31601
1 2 24727
2 3 10425
0 1 26808
1 4 10087
1 2 9230
2 4 31227
2 4 6082
0 3 32650
2 3 24730
0 4 10025
1 4 28663
1 2 31998
1 4 24754
0 4 1551
2 3 16070
0 2 91
0 1 21130
24338 5 19
0 2 9897
2 5 12369
1 5 15309
0 3 27096
1 5 19802
1 3 23900
0 3 30302
2 4 5657
1 2 14372
3 4 1328
1 2 14222
1 4 24410
2 3 199
1 2 18782
2 5 21761
1 5 26859
0 4 19416
1 3 16208
0 5 24266
27465 7 12
2 5 5215
3 4 2782
0 1 26592
0 4 32330
2 6 9300
0 3 8927
0 3 23033
5 7 22566
3 4 28519
2 3 26934
1 3 16409
2 6 18781
13054 7 22
1 7 19339
3 7 32099
2 4 1622
0 3 15566
1 3 22757
1 7 20803
1 4 8027
0 7 32562
0 7 26007
4 7 6019
0 1 23922
2 4 11379
2 5 6581
3 4 4415
1 4 8573
3 5 13206
2 3 26795
0 4 20293
3 4 13803
3 7 17127
2 5 24884
2 6 9154
8354 2 11
0 1 877
0 2 23318
0 2 6660
0 1 202
0 2 7366
1 2 3487
0 1 754
1 2 21930
0 2 6706
0 1 17652
0 2 6391
13471 2 8
1 2 17413
1 2 440
1 2 17019
1 2 5949
0 1 24831
0 1 13542
0 2 6285
0 2 726
1684 6 6
3 4 191
0 3 3664
0 1 17676
2 3 757
0 6 15189
2 5 10994
3372 6 19
0 6 30903
0 1 4667
5 6 27086
1 4 8612
1 4 16460
3 5 2523
3 5 19341
1 5 14843
3 5 15544
4 5 32659
0 2 2779
1 2 13845
3 6 5296
3 4 10743
0 6 29804
0 5 28793
0 3 17346
0 1 27351
3 5 14231
32752 2 16
1 2 21760
1 2 11147
1 2 9194
1 2 2813
1 2 4934
0 1 10389
1 2 15913
0 2 20837
0 2 11493
0 1 5981
0 1 4849
1 2 3535
0 2 4258
1 2 6824
0 1 7035
1 2 30494
11104 5 5
0 5 7619
2 4 25235
2 5 25852
0 1 16246
3 4 22432
29468 3 14
0 1 6423
1 3 901
2 3 31040
0 2 1356
0 2 18205
0 2 11847
1 2 31664
0 1 10366
2 3 11478
0 2 18660
1 3 2429
0 2 5045
0 2 12377
2 3 576
12627 3 19
0 2 21157
1 2 492
0 1 29326
0 3 2545
0 1 3930
2 3 25660
2 3 19278
2 3 21825
2 3 6884
1 2 13181
2 3 28348
0 3 9955
1 2 23519
0 2 17574
2 3 10486
1 2 6589
0 2 7947
1 3 29684
2 3 22338
5918 7 17
4 6 28634
0 2 20408
2 4 11345
2 3 18899
4 5 26147
2 5 29662
3 7 7879
1 6 10244
0 4 25066
3 6 15562
2 4 8776
1 7 31053
3 6 24363
2 3 6981
0 3 5771
1 6 9125
2 3 4374
10935 2 14
0 2 27779
0 2 6744
0 2 17047
0 2 699
1 2 8987
0 2 29940
1 2 8800
0 2 32767
0 1 2413
1 2 27852
0 2 1779
0 2 12287
0 2 3770
0 2 3811
2028 6 20
4 5 17705
1 6 28143
3 5 13081
3 6 10522
2 4 28595
0 6 16491
1 5 3280
1 6 2394
0 2 30637
3 4 17884
5 6 14171
4 5 22451
1 2 29923
5 6 14781
1 2 2705
3 5 30149
2 3 30803
3 5 30282
4 5 4958
3 5 30337
3766 1 16
0 1 26681
0 1 22661
0 1 402
0 1 19112
0 1 16424
0 1 22497
0 1 19998
0 1 11675
0 1 30866
0 1 20042
0 1 7442
0 1 30131
0 1 143
0 1 2229
0 1 12777
0 1 28820
29865 6 3
0 5 30480
1 2 9731
0 4 31213
6913 2 15
0 2 25247
0 2 29744
0 1 9571
1 2 26560
1 2 30297
1 2 5947
1 2 2277
0 1 7820
1 2 2351
0 1 9458
0 2 10838
1 2 11869
0 2 18072
1 2 21136
0 1 28182
4307 1 21
0 1 29236
0 1 26948
0 1 1116
0 1 21808
0 1 20770
0 1 12131
0 1 19405
0 1 20227
0 1 17289
0 1 22598
0 1 22005
0 1 27352
0 1 19536
0 1 9473
0 1 6321
0 1 11354
0 1 19096
0 1 22320
0 1 4804
0 1 12371
0 1 9484
22997 7 9
6 7 5655
0 7 5219
1 4 23635
1 5 26683
2 6 6854
4 6 1454
2 7 8556
1 4 19747
1 5 4115
10182 4 8
1 3 4141
3 4 7879
1 4 19776
1 3 28386
0 1 6302
1 4 30976
1 4 25461
2 4 27286
30854 6 20
1 5 3159
4 6 25024
0 1 18330
1 3 16719
4 6 27129
3 6 24989
0 3 1132
0 4 683
1 2 254
4 6 24304
3 5 30200
3 6 8439
1 4 20836
4 5 5267
3 5 423
1 2 32261
5 6 27380
0 1 17548
0 4 1081
2 6 16749
1230 3 0
22364 2 1
1 2 9701
11739 6 2
1 2 19311
3 5 2126
29657 5 3
1 5 21090
1 3 17802
1 5 3700
28647 2 7
0 1 31576
1 2 10817
1 2 31975
1 2 2668
1 2 14423
1 2 12788
1 2 10559
13603 7 19
0 6 27940
4 5 6081
3 6 12753
4 6 16100
2 3 344
1 6 24408
3 4 16915
1 4 19010
0 6 13357
1 7 23758
6 7 9398
5 7 32253
1 4 15646
6 7 22131
5 7 766
3 4 29371
3 6 14729
0 1 9401
0 4 21826
3983 2 3
1 2 8900
0 1 6117
0 1 26565
29003 5 17
0 3 12696
1 2 18939
1 5 18134
1 5 14285
0 4 2275
1 2 14496
2 4 7504
2 5 13287
3 5 25722
2 3 32639
0 1 8077
1 3 27455
1 5 30809
1 4 26646
4 5 27060
0 3 827
2 4 40
31874 7 3
3 5 25690
2 7 12341
3 4 12156
20053 1 22
0 1 16758
0 1 15252
0 1 22171
0 1 14161
0 1 15345
0 1 11093
0 1 12461
0 1 11161
0 1 27644
0 1 9285
0 1 19567
0 1 13366
0 1 18339
0 1 32556
0 1 22558
0 1 20568
0 1 18367
0 1 5368
0 1 13538
0 1 22993
0 1 8290
0 1 17588
20554 1 15
0 1 5043
0 1 15322
0 1 16388
0 1 29448
0 1 12601
0 1 10728
0 1 31216
0 1 24759
0 1 6806
0 1 13848
0 1 9214
0 1 15659
0 1 15099
0 1 8437
0 1 16287
31206 6 17
1 6 9737
3 4 18181
3 6 29623
0 4 31761
3 5 21150
0 5 16557
0 1 25460
2 4 15005
3 4 9044
1 6 15278
0 1 23237
1 2 7368
3 5 25426
0 1 29057
0 4 8237
2 4 8415
1 2 15532
30309 1 4
0 1 13610
0 1 1432
0 1 30903
0 1 16314
25605 1 19
0 1 30362
0 1 13808
0 1 20812
0 1 20186
0 1 19428
0 1 20748
0 1 31280
0 1 31994
0 1 19033
0 1 7814
0 1 15233
0 1 8646
0 1 27890
0 1 26280
0 1 27355
0 1 12871
0 1 16467
0 1 21617
0 1 25024
13169 1 5
0 1 27741
0 1 8894
0 1 25227
0 1 11536
0 1 11671
20548 2 4
1 2 1310
1 2 28361
1 2 2854
0 2 19091
7963 2 20
0 1 13927
1 2 1586
1 2 6041
0 1 3233
0 2 4168
0 1 3037
0 2 19536
0 2 29175
1 2 767
1 2 17989
1 2 14218
0 2 30388
0 2 10728
0 1 26228
0 2 22486
0 2 4020
0 2 4452
0 2 9211
1 2 120
0 2 4915
18004 6 9
0 6 19278
3 6 26740
1 6 18531
0 1 26006
3 6 16323
0 3 30662
0 4 4216
3 4 18893
1 4 9690
6273 6 2
3 4 25733
0 6 1956
3935 1 13
0 1 13143
0 1 23108
0 1 19642
0 1 30662
0 1 26329
0 1 11329
0 1 15183
0 1 21904
0 1 16547
0 1 10159
0 1 30407
0 1 493
0 1 15709
17101 2 10
1 2 17981
0 2 19564
0 1 16414
0 1 31381
0 2 9831
1 2 4237
0 1 20979
0 1 17154
0 1 22499
1 2 19542
31625 1 18
0 1 3986
0 1 23981
0 1 28899
0 1 17010
0 1 24607
0 1 10525
0 1 10579
0 1 29114
0 1 10092
0 1 29315
0 1 32557
0 1 29820
0 1 24113
0 1 8362
0 1 11070
0 1 18545
0 1 32369
0 1 3385
78 2 9
1 2 9764
0 1 4977
0 2 32236
0 2 938
0 2 27483
0 2 23947
1 2 23857
1 2 20720
0 2 17522
12688 4 20
0 3 12491
3 4 734
0 4 29306
0 1 17750
0 1 26446
0 3 25472
2 3 4536
1 2 22893
3 4 17267
3 4 27088
1 2 18429
1 4 7325
3 4 16413
1 3 24553
1 2 27079
2 3 31438
3 4 25837
1 4 1348
1 3 14375
1 2 16344
22498 1 10
0 1 26247
0 1 10115
0 1 19486
0 1 16829
0 1 1791
0 1 6684
0 1 19366
0 1 5941
0 1 19955
0 1 11695
10584 6 11
4 5 17983
4 5 31386
1 5 18662
2 5 32190
0 2 9092
4 6 15504
0 5 555
1 4 19741
3 6 5645
0 2 67
0 3 11378
15774 6 14
0 4 12489
1 4 18726
0 6 24300
1 4 2088
1 3 27019
5 6 11765
0 6 17890
1 4 11131
0 4 18269
4 6 15430
2 4 18201
1 4 23080
0 3 11081
0 6 2436
15237 6 8
3 4 9885
3 4 31943
5 6 4957
0 3 29545
4 5 19841
1 3 26670
2 6 23295
1 5 22909
26710 2 6
1 2 14257
1 2 6023
0 1 16098
1 2 3867
1 2 2177
0 2 10022
29022 3 2
0 1 12546
2 3 19634
19005 7 14
1 3 16847
0 1 25005
3 6 15972
1 3 28025
6 7 15724
3 4 3439
5 6 30851
0 3 19559
1 4 28988
0 5 7749
3 4 24756
2 7 14150
4 6 26284
3 4 25293
25087 2 12
0 2 22745
0 1 31906
1 2 26839
0 2 5841
0 1 24256
1 2 24549
1 2 12384
1 2 30556
0 1 18739
0 2 14889
0 1 2847
1 2 22512
29175 4 3
3 4 658
2 4 952
1 2 20091
21085 4 19
2 4 26304
0 3 19545
1 4 18783
3 4 32049
1 4 2647
0 2 21468
2 3 17321
3 4 27396
0 4 4977
0 3 21141
0 3 15877
0 4 20446
1 4 19902
1 3 13167
0 3 22398
0 1 105
0 2 17826
0 1 20236
0 3 2883
23764 1 16
0 1 21693
0 1 15300
0 1 8649
0 1 24347
0 1 8186
0 1 28666
0 1 26817
0 1 8658
0 1 11028
0 1 9489
0 1 14968
0 1 8318
0 1 21819
0 1 9997
0 1 18034
0 1 17659
20901 4 9
1 2 8412
1 2 28089
0 3 12701
0 2 21137
2 3 12888
1 3 4868
2 3 25371
0 4 26177
0 3 25877
15070 4 16
2 3 15129
2 3 21186
0 3 2081
0 2 14761
0 2 1485
2 3 4359
3 4 27210
1 3 32397
0 4 30469
3 4 1986
0 1 21670
0 1 2627
3 4 10877
2 4 6433
2 4 1964
0 4 24847
22810 1 6
0 1 29487
0 1 24161
0 1 24901
0 1 7094
0 1 13518
0 1 27066
11832 6 20
3 4 28043
0 5 8428
0 6 24106
4 6 16818
1 4 11870
1 3 3606
2 4 2099
1 2 3189
1 2 28145
1 6 5866
3 6 12767
1 6 29372
4 5 2141
0 5 19336
1 5 13720
3 5 28046
1 4 19390
0 1 4101
1 5 16393
1 2 29244
30288 4 11
0 3 19794
0 1 10743
2 4 28884
2 4 28650
2 4 8586
1 4 5330
2 3 32186
2 4 26527
2 3 24406
2 3 24164
2 4 16380
21351 3 15
0 1 16602
0 3 23461
1 2 26900
0 1 15543
1 2 22062
0 3 29655
1 2 8897
0 1 17763
0 3 15962
1 3 21443
1 3 17161
0 2 10667
1 3 31419
0 1 29033
0 1 24969
12913 3 4
0 2 3028
2 3 8142
0 2 11642
1 3 26153
7379 5 10
4 5 22735
1 4 5991
3 5 22855
2 5 3198
0 5 23480
0 4 22371
3 5 12683
0 2 16592
0 4 4022
0 4 15737
22812 2 18
0 2 25271
1 2 12917
1 2 29157
0 1 18438
1 2 28039
0 2 22064
0 2 10681
1 2 31872
1 2 10953
0 2 2993
1 2 21255
1 2 28939
1 2 14910
1 2 28520
0 2 8857
0 1 14896
0 2 10067
1 2 873
22372 2 7
1 2 11919
0 2 17873
0 1 10320
1 2 25583
0 2 777
0 2 25288
1 2 18626
9520 4 3
1 2 24555
3 4 30728
0 1 31430
27224 2 5
0 1 32386
0 1 32067
0 1 6729
0 1 26423
0 2 30193
24244 7 8
0 6 398
3 4 20672
2 6 14195
2 5 19076
6 7 3093
1 6 30239
0 2 23886
1 2 31654
27306 6 1
0 6 21413
27918 1 4
0 1 7401
0 1 3815
0 1 19370
0 1 2461
345 3 6
1 3 13035
1 2 21182
0 2 3661
0 2 20686
1 2 19406
1 3 31167
21022 2 2
0 2 11051
0 1 907
26567 7 6
1 6 19880
0 7 19001
2 4 20358
0 6 11198
1 2 28088
5 6 17324
4985 3 16
1 3 5543
2 3 32321
0 3 29090
1 3 25339
1 3 18469
1 2 125
0 2 25365
1 3 15476
0 2 24007
1 2 9838
0 1 12817
1 3 8765
2 3 27930
0 1 27874
1 3 2284
2 3 28231
8774 3 7
0 3 2359
0 3 3056
0 3 26810
2 3 27689
0 3 31925
2 3 3954
0 3 22699
2972 1 11
0 1 12127
0 1 29342
0 1 19146
0 1 24579
0 1 19431
0 1 14254
0 1 18338
0 1 20098
0 1 31574
0 1 403
0 1 4184
14705 3 19
1 2 7029
0 2 27570
0 3 23619
0 2 25402
0 2 19026
0 1 4989
1 3 1280
0 3 18255
2 3 4746
1 2 27331
1 3 9723
0 1 24747
0 3 19711
1 2 5615
1 3 4473
1 3 9098
0 2 24031
0 3 4549
0 1 31847
98 4 0
7415 5 20
1 4 13741
2 5 19413
0 2 24706
1 5 28030
0 3 20814
4 5 3765
1 3 27668
2 5 24206
1 4 61
0 3 6819
1 3 20374
1 2 32298
0 4 32101
2 4 23533
1 3 21618
0 5 455
1 4 20551
2 5 353
3 5 3325
3 4 16708
24528 1 4
0 1 15188
0 1 5060
0 1 16994
0 1 8906
9587 1 22
0 1 8999
0 1 31015
0 1 5471
0 1 956
0 1 6502
0 1 13913
0 1 3722
0 1 9200
0 1 14247
0 1 27878
0 1 10418
0 1 24753
0 1 3180
0 1 25465
0 1 12715
0 1 9900
0 1 31676
0 1 6929
0 1 30666
0 1 31885
0 1 22351
0 1 29596
21763 2 10
1 2 27194
1 2 2417
1 2 3404
0 1 23406
1 2 31122
1 2 4815
0 2 2512
0 1 14463
0 2 30227
0 2 3142
903 3 19
2 3 20238
0 2 697
0 3 16739
2 3 6020
1 2 18553
2 3 32691
0 1 28416
2 3 12409
1 2 32576
1 2 6472
1 2 11092
2 3 24474
1 3 21521
2 3 15175
0 1 11206
1 3 7830
0 2 18775
1 2 8532
0 1 13660
9130 3 6
1 3 16973
2 3 9151
1 3 18748
1 2 28148
0 1 25784
0 1 7219
7451 1 9
0 1 19740
0 1 23823
0 1 7049
0 1 4466
0 1 4382
0 1 9387
0 1 21148
0 1 11500
0 1 31972
7076 3 6
2 3 18406
0 2 28571
0 2 31984
1 3 28156
1 3 17514
2 3 17866
31001 6 19
1 6 18342
1 2 20900
1 4 9540
2 6 30402
3 5 7192
4 5 460
2 5 15825
1 3 29181
3 4 20794
0 5 25576
2 4 22729
2 3 3190
2 5 28053
3 4 4770
4 6 530
1 3 30082
0 3 29385
3 5 3758
1 2 8195
17729 7 10
2 3 21638
4 5 26397
2 7 24487
0 4 29073
2 7 11023
5 6 12779
5 6 9441
3 6 9982
0 3 16273
0 7 10264
20461 1 19
0 1 10717
0 1 12458
0 1 9202
0 1 21510
0 1 3687
0 1 16932
0 1 12471
0 1 5692
0 1 1475
0 1 21122
0 1 10927
0 1 20240
0 1 27921
0 1 21579
0 1 5008
0 1 29978
0 1 4258
0 1 27171
0 1 18477
27344 5 15
2 3 14003
0 4 23620
2 3 18784
1 2 6175
2 5 28897
1 2 22375
0 2 29781
0 2 13063
0 1 16886
0 3 31445
0 5 8195
3 5 1142
2 3 12251
1 2 22792
0 3 24071
15712 3 17
1 2 23337
1 2 27095
0 2 20215
1 2 369
0 2 583
0 1 6445
0 3 8409
0 1 31788
0 1 21047
2 3 31721
0 3 10302
1 2 5408
0 1 16226
1 3 12443
1 2 14204
0 1 21142
1 3 20606
25531 7 15
1 4 3417
0 3 660
3 6 14416
0 3 1282
2 4 5099
0 7 5015
0 7 1924
0 1 11159
0 5 1542
1 4 2157
4 7 9926
1 3 11344
0 3 17244
0 1 6620
6 7 16413
30567 5 15
0 3 25385
1 3 30699
1 2 12915
4 5 11727
1 3 19985
1 2 11341
0 2 11883
0 1 1369
0 5 21017
0 5 16790
1 2 19832
1 3 6363
3 5 13530
1 2 11927
0 2 29386
9921 3 9
1 3 29368
1 3 20846
1 3 13254
0 1 23963
1 2 4987
2 3 27372
1 2 32698
0 1 3871
1 3 30665
32225 3 1
0 2 18580
13300 1 4
0 1 16384
0 1 25663
0 1 22558
0 1 10776
7660 6 2
0 5 20787
1 5 11343
30595 5 10
0 1 14654
4 5 6957
1 4 14449
1 4 208
0 5 8559
1 2 26949
1 3 20481
0 3 27833
1 3 4201
2 3 14889
3011 6 9
4 5 8312
0 3 9355
2 4 30616
0 3 32122
3 5 26497
2 6 20636
2 4 19734
0 5 2137
2 5 7691
27101 5 6
1 3 25601
2 3 8896
2 4 2141
2 3 27467
0 2 826
3 4 17671
5726 6 4
1 5 7857
0 2 14212
3 4 14855
3 4 15271
18775 6 12
0 6 15382
0 4 360
3 5 11525
0 6 8859
1 2 17807
1 5 10797
1 5 4429
0 4 1753
4 5 19424
2 6 7163
2 4 27345
4 5 19051
18398 6 9
0 5 8176
4 6 9210
0 3 4621
3 6 20398
0 5 20329
2 6 19943
0 2 1942
1 5 4710
2 4 28697
26726 3 6
0 3 20191
2 3 3957
0 1 6741
1 3 27374
0 2 17438
0 2 27265
11323 5 22
2 5 22897
3 4 24958
1 5 31505
0 3 6422
3 5 22686
4 5 18916
3 5 11369
0 3 7057
1 3 26760
0 4 7450
2 4 26788
1 2 7081
0 1 32306
0 2 9929
0 3 2632
1 2 29127
0 4 8639
0 4 6453
1 5 22344
0 5 9941
0 2 6708
0 5 27910
3717 6 15
4 6 18564
2 5 13883
2 4 19875
0 3 10291
1 6 8777
3 6 31696
2 5 22607
4 6 19692
2 3 5145
1 6 21092
2 3 14721
2 5 15861
0 2 19814
4 5 6735
4 5 17539
25518 4 13
1 4 10329
1 3 23931
1 3 24909
0 4 6543
1 4 8528
0 3 1358
0 3 27811
1 3 20007
0 2 6153
0 2 471
0 1 8330
0 1 13721
1 2 28428
3644 6 11
2 4 28958
2 6 5849
1 3 11942
2 6 12194
0 2 24052
0 4 16863
0 4 1379
0 5 24794
1 5 12047
2 5 2076
5 6 7078
13565 3 22
0 2 29004
2 3 12750
1 2 13116
2 3 25356
2 3 7942
1 3 31638
1 3 21117
1 2 32429
0 1 2015
0 2 8300
0 2 4222
1 2 7798
1 2 20895
1 3 32004
0 2 22528
0 3 2302
0 2 1114
0 1 31963
1 3 11167
1 2 26100
2 3 21041
0 2 11077
2731 4 20
1 2 29892
1 3 4662
1 2 3944
1 3 25089
3 4 26513
0 1 14197
2 3 5779
1 2 30923
2 4 31691
2 3 1724
0 1 27759
1 2 3662
2 3 23896
1 3 1604
0 3 18946
0 1 16798
0 3 20174
0 2 21691
1 4 21617
0 4 19089
14172 6 12
0 4 825
0 1 108
0 6 25555
3 6 10375
0 5 14272
5 6 4660
1 2 12815
2 4 22331
3 4 23156
1 3 26387
1 5 31733
3 5 19848
20081 3 12
2 3 18906
0 1 11893
1 2 17360
2 3 10640
1 3 20150
0 1 1224
0 2 3093
2 3 20934
0 3 20713
0 3 4306
1 2 21602
2 3 23866
20761 3 3
2 3 29068
1 3 29828
0 3 28737
28388 5 12
0 3 32703
3 4 5635
1 5 28144
1 5 22056
0 4 11826
0 5 31503
3 4 9118
2 3 16378
0 3 22741
1 5 24373
0 2 20245
3 5 15734
25257 5 0
21964 1 2
0 1 15483
0 1 15192
13291 3 6
2 3 23490
0 2 16113
0 3 28852
1 2 18000
1 3 5173
2 3 30615
5018 6 3
4 6 18821
2 4 31100
5 6 29632
19953 1 11
0 1 259
0 1 11695
0 1 6567
0 1 24776
0 1 22463
0 1 10943
0 1 8349
0 1 13304
0 1 23792
0 1 30504
0 1 16489
26799 2 0
21397 3 17
0 2 7643
0 2 20802
1 2 8559
2 3 16485
0 1 29039
0 1 15162
2 3 21045
0 1 19890
0 2 2337
0 2 11550
1 3 32312
1 2 12277
1 2 13926
0 1 2692
0 3 27642
0 2 4972
0 3 11691
9378 4 22
2 3 17531
1 3 21919
0 4 28771
1 3 5805
0 4 11985
1 2 32092
1 4 30504
3 4 12367
2 4 17257
2 3 21709
0 3 21902
0 1 22723
0 4 22202
1 2 8696
0 1 1225
0 4 22238
1 4 4158
3 4 6256
1 4 94
2 3 13336
3 4 26377
2 3 21782
32192 2 2
1 2 22473
1 2 26212
30937 3 16
2 3 15271
2 3 6777
1 3 20811
2 3 9880
0 1 30391
1 3 7595
2 3 326
2 3 21167
0 1 30891
0 1 19983
0 3 10813
2 3 555
0 1 3489
1 2 30569
0 2 12848
0 2 3685
15525 3 15
2 3 5773
1 3 21744
0 3 21046
0 1 6019
0 1 9064
0 1 29399
0 2 30718
1 3 14784
1 3 24627
0 2 22058
0 3 28293
0 1 4476
1 2 15556
1 3 3089
0 1 60
24989 1 16
0 1 8647
0 1 9675
0 1 31930
0 1 8714
0 1 15414
0 1 7327
0 1 3602
0 1 18248
0 1 30288
0 1 10135
0 1 28732
0 1 7587
0 1 30658
0 1 24003
0 1 19581
0 1 438
17089 7 3
1 4 29324
1 4 17670
2 7 24355
5620 2 0
18458 5 1
0 1 26551
4156 7 9
1 2 31862
2 6 26949
1 6 8270
4 6 4282
1 7 7318
4 5 28093
2 4 21137
1 7 28574
4 6 9448
32131 7 6
2 4 3410
0 5 20124
5 7 26091
6 7 5543
1 7 22923
3 4 894
347 4 6
2 3 21296
2 3 31858
0 4 26191
0 1 11075
0 4 7666
0 2 11640
25057 6 0
5493 4 9
1 2 18857
1 4 31062
0 1 15312
0 2 11931
3 4 19042
1 3 14846
0 2 25718
1 2 27215
0 3 29866
17712 6 7
0 6 11354
0 4 2167
3 5 18109
2 5 8483
0 6 2313
0 1 9882
1 2 17517
20417 6 6
0 4 6360
2 6 3292
0 1 12226
2 6 3900
1 3 30263
4 6 11881
23002 7 6
3 4 22660
0 7 27597
0 6 26273
3 4 24999
0 6 14758
0 2 14562
30511 3 17
0 2 16875
1 2 3383
2 3 30557
2 3 3638
1 3 11037
0 2 7503
0 1 5932
0 2 31502
1 3 1160
1 3 17895
1 3 7733
0 1 9147
0 3 26920
0 3 31259
1 2 32310
2 3 3956
0 1 11518
10044 3 15
2 3 1945
1 3 31740
1 2 25544
0 2 22805
1 3 31833
2 3 31764
2 3 12368
1 3 25608
0 1 17663
1 2 15841
0 2 3187
1 2 26139
2 3 17956
2 3 28994
0 1 10378
18457 1 20
0 1 5872
0 1 27667
0 1 8085
0 1 13660
0 1 3212
0 1 17719
0 1 32390
0 1 11417
0 1 10955
0 1 16639
0 1 1314
0 1 8824
0 1 30001
0 1 23619
0 1 20000
0 1 10130
0 1 3720
0 1 14263
0 1 20133
0 1 27685
20825 7 21
0 1 11062
1 2 11771
0 2 330
2 5 28235
1 7 10753
1 2 31639
0 1 14880
5 6 23438
2 7 9873
3 6 8711
2 4 25672
0 3 21619
4 7 8766
4 5 22029
1 6 28938
3 7 26636
4 6 8493
2 7 2886
2 7 24159
2 3 9720
2 7 527
2639 6 2
4 6 20217
2 4 10841
1348 5 4
3 4 14957
0 4 1065
2 5 9776
0 4 15629
8141 1 1
0 1 9375
6344 3 6
1 2 22768
0 3 6041
0 2 9270
2 3 23530
0 2 13115
0 2 6888
7892 2 9
0 1 8975
0 2 22744
0 1 8579
1 2 16714
0 1 17933
1 2 16848
0 1 20786
0 1 21812
0 1 27885
22712 2 17
1 2 20014
0 1 17477
1 2 16062
0 1 15454
0 1 30674
0 1 27572
0 2 29429
1 2 4008
1 2 29037
0 1 17972
0 2 6217
0 2 29378
1 2 23210
1 2 29600
0 2 4230
1 2 25662
1 2 12069
30148 3 19
1 2 29745
0 1 9695
1 2 23342
0 1 18417
0 3 7467
0 2 3591
0 3 3148
0 1 27647
1 3 20795
1 3 24588
1 2 10828
1 3 30175
0 2 5186
1 3 16765
1 2 29060
0 1 26130
0 2 21477
1 2 26668
0 1 14332
22360 1 5
0 1 4034
0 1 20516
0 1 126
0 1 24090
0 1 398
6122 4 3
0 1 5449
0 2 14766
1 2 17064
3953 2 19
0 2 30674
0 2 23807
1 2 28129
0 2 12180
0 1 25364
1 2 28469
1 2 21126
1 2 4458
1 2 2159
0 2 15476
1 2 13661
0 2 3883
1 2 29626
0 2 15817
0 2 2688
1 2 1201
0 2 14418
1 2 9207
1 2 23370
13068 2 16
0 2 8276
0 2 9578
0 1 19420
0 1 2803
0 2 16454
0 2 3351
0 2 23724
1 2 17213
0 1 17248
0 1 32615
1 2 1397
1 2 12617
0 2 15436
0 1 32623
1 2 16220
0 2 12654
5031 4 0
7970 4 6
1 3 3988
0 3 20395
2 3 3832
2 4 20543
0 3 15643
0 2 14642
30760 5 18
1 4 31054
0 2 25984
4 5 13480
1 5 28741
2 5 14145
2 5 27228
0 1 2133
3 5 29421
2 4 9375
2 5 6659
2 5 26837
1 4 25881
0 3 465
1 3 27087
1 3 12143
0 2 9657
0 5 6759
0 2 19451
25058 4 6
0 2 16480
1 4 22491
0 2 21466
0 1 2161
3 4 14054
0 2 30470
14320 6 20
3 6 16959
2 3 11364
4 6 32248
0 2 4325
5 6 19277
0 3 569
2 5 22826
0 2 12258
0 4 20927
1 5 17089
2 6 1516
1 6 10690
0 2 13723
1 6 17
2 6 32525
1 5 30279
2 6 4031
4 6 2545
1 3 20103
2 4 12192
9639 4 9
2 4 11007
1 2 3540
1 2 32414
2 4 6263
2 3 6725
0 4 17117
3 4 1917
1 3 25094
2 4 2475
2021 2 10
0 1 24538
0 2 25317
1 2 6366
0 1 8626
0 2 9095
1 2 16364
1 2 11427
0 1 6008
0 1 10107
1 2 23718
10888 6 17
1 6 11520
1 3 7636
0 2 25074
2 6 30816
1 2 9703
0 3 29424
2 6 23820
5 6 2928
1 6 2331
1 3 24328
4 5 20401
0 6 14611
1 3 29907
3 6 16187
5 6 24194
1 6 22867
3 4 5882
14813 6 11
1 6 9816
2 4 28109
0 4 4292
4 5 9037
5 6 25990
2 4 19970
0 5 4174
3 6 18661
3 5 12833
0 2 8434
0 4 15325
15749 4 22
1 3 22140
0 2 22965
2 3 32276
0 2 22386
3 4 18226
1 2 14122
0 1 14666
0 2 13670
2 4 16204
0 3 8345
1 3 26425
3 4 9037
0 3 26322
2 4 1677
2 4 8251
2 4 28671
0 2 881
0 1 12732
1 3 462
3 4 669
2 4 30017
0 4 6667
27868 7 8
0 5 32106
2 6 17904
0 1 6887
4 7 3245
2 5 2508
3 7 9042
2 6 9204
3 7 26182
18313 6 22
1 2 21294
3 5 8407
1 3 13935
2 4 31599
4 5 20446
0 2 7196
0 1 22899
2 6 26017
2 3 17392
1 2 3575
0 2 10372
3 4 15578
2 4 25727
0 2 21803
3 4 17715
0 1 556
4 6 16871
5 6 13348
3 4 12095
2 4 6115
1 6 9395
2 5 21013
11069 5 4
2 4 6928
1 2 29544
1 5 19290
2 5 12472
23208 4 9
0 2 4033
0 1 26500
0 4 16418
2 4 10979
1 2 3033
2 3 1701
0 4 20788
0 2 14847
0 4 351
6135 4 0
13470 4 21
2 4 20461
0 1 2510
1 4 27424
0 3 16340
2 4 30368
0 4 5444
1 4 20053
0 1 15919
0 1 8934
2 4 18363
1 3 7976
0 2 12172
1 3 25496
0 1 12221
0 3 24678
0 2 4058
2 4 29866
2 4 23116
0 1 2209
0 1 20803
0 3 6028
11362 3 4
0 3 32755
1 2 16875
0 2 29759
1 3 2992
14176 5 12
1 4 21150
2 4 17818
4 5 22513
0 1 32699
0 5 5037
0 2 7303
1 2 24229
1 4 32603
2 5 29230
1 5 20679
1 4 17981
0 5 12806
21534 6 12
0 5 16144
0 6 29975
2 5 18182
0 3 23200
3 4 22047
1 6 31767
2 4 24883
0 6 16337
1 6 9378
1 4 12812
2 6 8711
1 2 20324
14268 3 17
0 1 16071
0 2 22958
2 3 5708
0 2 22987
1 3 24050
0 1 34
0 3 28762
1 3 32665
1 2 8620
0 1 27612
2 3 6800
1 2 2516
0 3 17554
1 3 26269
0 2 6009
0 3 11844
0 3 11932
16307 6 19
3 5 11355
1 6 19274
0 2 19739
0 4 16504
0 4 28958
4 5 10338
2 4 20516
0 4 25414
0 6 30665
0 1 29676
5 6 24970
4 5 3710
0 6 13164
1 4 4808
2 4 19126
3 5 13413
1 4 29459
0 1 4646
1 4 9151
8981 5 8
2 4 8811
1 3 19817
0 4 6100
0 2 3074
1 5 9782
1 5 17310
1 4 17547
3 4 22770
23348 3 14
2 3 17445
2 3 7262
0 2 8124
2 3 7564
0 3 13426
0 2 25734
1 3 7156
0 3 30125
1 2 24900
2 3 5312
1 3 20454
0 1 29688
0 1 32684
0 3 25168
30125 2 22
0 1 12333
0 2 263
0 2 14226
0 1 8467
1 2 3723
0 2 1986
1 2 26878
0 1 30965
1 2 16832
0 1 29313
0 1 31312
0 1 4551
0 2 29006
1 2 12468
0 2 11061
0 1 14357
0 2 10953
0 2 26392
1 2 21381
1 2 30177
0 2 1533
0 2 17066
20193 3 20
2 3 18654
1 2 25136
1 3 8529
1 3 8967
1 2 19195
0 3 30194
0 3 16819
1 2 8096
1 2 22976
0 2 10240
0 3 15243
2 3 3821
1 2 10204
0 2 11502
2 3 17080
0 2 22860
0 2 17882
0 1 13181
1 3 28769
0 1 19833
25829 4 18
2 4 1162
1 2 10701
0 1 6268
1 3 11301
0 4 18783
1 2 11027
0 3 8298
0 3 30332
0 3 8408
1 2 20159
1 3 22374
1 3 29563
2 4 11544
0 2 1240
2 4 9134
0 4 3873
0 3 5061
0 3 6800
7067 6 12
1 4 11902
1 3 15974
1 4 25859
3 6 11700
3 6 6051
1 2 29651
0 5 31296
4 5 31468
3 5 31640
1 3 21105
5 6 19387
4 5 14064
1354 5 4
2 4 31501
1 2 31341
2 5 11047
0 3 27815
24281 5 17
3 5 7369
0 2 24060
2 3 30517
1 3 6323
0 4 14757
1 4 10855
1 5 4201
0 1 26574
0 1 30286
1 4 16951
0 3 20600
0 5 30206
4 5 14248
3 4 9744
2 3 28555
1 3 26129
2 4 23675
8055 5 3
0 4 4506
0 5 19162
2 5 12327
14337 7 18
6 7 18009
5 6 16761
2 4 116
1 5 23606
2 5 11328
3 5 23986
0 7 26457
0 7 4315
1 5 28488
2 4 6866
2 4 26554
3 4 28819
2 5 24341
6 7 27518
1 7 12885
4 5 29323
1 3 10012
4 5 2450
8393 6 3
2 6 13838
1 2 13015
1 2 7532
13877 5 20
4 5 28544
2 4 2105
0 2 31473
1 2 5893
4 5 28164
1 3 27803
1 3 10771
0 1 5440
3 4 27527
0 5 6737
1 2 32577
2 5 29380
3 4 1804
2 5 23723
1 4 2848
2 3 18500
1 5 28672
3 4 29809
0 5 29012
2 5 30265
29103 6 18
0 5 27451
2 3 8973
0 2 29202
1 2 4038
1 6 7446
2 6 2484
2 6 19706
2 6 6777
0 1 4778
1 2 21022
1 3 32382
5 6 17191
2 3 21602
2 3 17730
1 6 6760
3 6 21125
4 6 23549
0 1 31576
268 6 9
1 6 17917
0 6 18620
4 5 3682
1 5 23692
2 4 16044
3 6 19743
0 2 29099
0 6 5976
1 5 20224
26237 3 7
1 2 16150
1 3 10258
0 2 3060
0 2 14380
2 3 5065
1 3 12605
1 3 24755
26764 1 18
0 1 17228
0 1 29241
0 1 27294
0 1 2665
0 1 6886
0 1 2778
0 1 6369
0 1 24864
0 1 25026
0 1 18416
0 1 1296
0 1 26524
0 1 2491
0 1 7750
0 1 20286
0 1 11556
0 1 26854
0 1 27547
26682 1 8
0 1 17956
0 1 11622
0 1 20924
0 1 26354
0 1 30331
0 1 6396
0 1 2768
0 1 31313
25438 6 20
1 2 4708
1 4 19886
4 5 4598
1 2 15762
0 4 1102
0 4 25457
1 2 4039
0 6 7085
1 3 3168
0 1 10863
1 2 21416
0 5 32472
3 5 26641
2 6 5195
0 1 19994
1 2 3812
2 6 31001
3 5 9123
1 5 28024
1 2 31367
3566 4 6
2 3 18840
0 4 21711
1 3 21198
2 3 8561
1 4 28092
0 1 29776
28669 5 1
3 5 27044
23947 3 17
1 3 4245
0 3 14475
2 3 14082
0 2 6064
1 2 25592
0 3 16509
0 2 18554
1 3 21869
1 2 14864
0 2 20725
0 3 29246
2 3 29739
1 2 32079
1 2 3247
1 2 25596
0 3 26856
1 3 20812
6699 7 1
2 5 6968
14418 7 13
0 2 26736
4 7 26731
2 5 10665
1 6 31760
2 5 4609
1 6 31233
1 2 8849
1 2 2209
3 7 21886
0 2 30854
2 5 17612
0 1 10906
4 5 5980
11924 2 8
0 1 9052
1 2 9322
1 2 17609
0 1 32294
0 2 4400
0 2 10595
0 2 16125
0 2 7836
15220 1 6
0 1 16620
0 1 18677
0 1 29275
0 1 21719
0 1 18738
0 1 25373
16920 5 12
1 5 8582
1 3 18814
2 5 8244
1 3 25700
2 3 30569
3 4 14093
0 1 10754
0 1 29571
1 3 7034
0 1 7294
0 1 19584
3 4 364
6709 1 16
0 1 30916
0 1 250
0 1 12908
0 1 23297
0 1 19267
0 1 7736
0 1 6092
0 1 29434
0 1 26026
0 1 3405
0 1 30100
0 1 10085
0 1 21769
0 1 20464
0 1 27353
0 1 17384
32273 2 7
0 2 3865
0 1 26675
1 2 16437
0 2 26941
0 2 28830
1 2 13779
1 2 8985
10024 3 1
1 2 31268
17472 3 4
1 2 2612
1 3 29470
0 3 4461
0 2 18577
14423 3 4
0 1 31356
0 2 8787
0 1 28692
0 2 11753
19459 3 16
1 2 29311
2 3 24951
1 3 3523
0 2 26685
1 2 29484
2 3 21883
0 1 20122
1 3 10040
2 3 24151
1 2 19412
1 2 25785
0 1 28252
1 3 15850
1 2 20189
0 1 18861
2 3 16363
13244 3 3
1 3 31665
1 2 11659
1 3 8279
17322 5 14
2 4 4872
2 3 3181
1 5 19255
0 1 24640
0 4 638
2 3 1082
4 5 10592
2 3 9821
2 3 32472
2 4 23385
3 4 24201
3 5 32180
2 5 13488
2 3 18593
18478 3 16
0 1 29557
1 2 5384
0 2 12872
0 3 11389
2 3 5418
1 2 4388
1 2 3217
0 1 25170
1 3 5186
0 1 6582
0 3 5478
0 2 27820
2 3 25366
0 2 13187
2 3 21104
0 2 18178
1751 4 16
2 3 10598
0 4 17557
0 3 25310
1 4 9985
0 2 7659
0 2 2021
2 3 1929
1 4 9424
0 1 3018
0 3 23497
1 3 22942
0 1 26529
2 3 25820
0 2 11088
1 3 5947
1 3 7334
4736 6 11
3 6 30175
4 5 23550
3 4 400
0 5 32099
1 4 24522
3 5 24996
0 2 26182
1 4 12958
1 3 15008
2 4 16759
4 5 31929
13283 2 14
0 2 28125
1 2 29298
1 2 29930
0 1 18206
1 2 23424
0 1 1545
0 2 32583
1 2 3378
0 1 26567
1 2 10591
1 2 1018
1 2 9747
0 1 105
0 2 1873
1878 7 18
4 7 14707
1 3 16027
2 5 1404
3 6 17428
0 2 31205
0 5 3147
5 7 6542
2 7 2421
2 5 19761
0 5 15532
1 5 21275
2 6 23621
4 5 5539
0 6 23955
1 5 12267
0 1 17188
1 2 17171
3 5 10185
28661 5 22
2 3 32008
2 5 4228
2 5 27417
2 3 18632
2 3 16641
0 2 10545
2 3 17201
2 3 10386
2 5 495
1 2 19343
0 3 1149
4 5 32594
0 3 6999
3 5 9496
0 1 6543
1 3 19870
0 4 12076
0 5 624
1 4 25791
0 2 29807
2 4 17708
0 1 6022
3513 7 12
1 4 11420
4 7 2070
2 3 20236
5 7 4723
4 6 8488
3 5 28759
2 5 22832
0 7 6647
2 7 2648
1 3 30940
1 6 7809
3 4 26075
15758 5 18
2 5 11650
3 5 27291
2 4 15937
0 5 21649
2 5 3825
4 5 3076
4 5 29383
3 5 29229
1 2 19478
0 5 11020
3 4 256
1 3 19719
0 5 17303
0 2 25339
0 5 12098
3 5 28450
0 1 1844
1 5 22368
2174 4 1
3 4 6744
21120 6 16
1 3 19126
1 3 4231
0 3 13056
1 3 19856
1 5 12413
2 4 16985
2 6 28727
0 1 21531
2 4 4548
1 2 26602
2 4 23025
2 5 2935
1 4 22440
2 4 29845
3 6 13228
5 6 25142
14225 2 11
0 1 813
0 1 512
0 1 1615
1 2 22524
0 2 15462
0 2 17554
0 2 2967
0 2 18948
0 2 27026
0 2 9785
0 1 1816
6241 6 1
1 2 10765
21981 1 4
0 1 13772
0 1 9848
0 1 22648
0 1 10548
10540 2 10
1 2 21900
0 2 13814
0 1 12328
0 1 28252
0 1 27475
1 2 31392
1 2 28171
0 2 384
1 2 646
1 2 23800
4427 7 9
4 5 4077
4 5 19009
2 6 25608
0 4 4946
2 3 24749
5 7 20552
1 2 29894
6 7 20768
0 7 31859
30180 6 0
10784 4 6
3 4 27724
3 4 2152
2 4 2075
0 3 29195
1 3 8120
0 4 14567
23946 3 8
1 2 16688
0 3 3481
1 3 13801
1 3 13043
0 3 6758
0 2 17175
2 3 9820
2 3 1653
18996 7 9
2 3 2899
0 2 7133
2 3 26438
0 3 28729
1 2 4782
2 6 22176
0 6 8413
1 7 12220
3 4 25111
8260 2 11
0 1 21485
1 2 6764
0 1 22264
1 2 32415
0 1 1976
0 1 25688
0 2 19304
1 2 26617
0 1 24830
1 2 20774
0 2 4721
7154 5 5
0 4 31060
0 4 7797
0 5 13627
1 3 27351
0 1 11585
24518 5 7
3 5 9134
2 3 13426
1 2 26803
0 1 28166
3 5 24000
2 4 11729
3 4 19586
4448 5 20
3 4 16919
1 4 11598
0 1 15947
4 5 4512
1 2 12996
0 3 2888
1 5 11436
1 2 27740
0 5 9687
3 4 22311
1 4 15276
0 2 8947
0 5 27824
1 4 24245
0 1 1474
4 5 11608
0 4 28700
0 4 17378
2 5 8490
2 5 17379
18072 6 14
1 6 9481
0 4 19728
0 2 1160
0 5 26942
0 2 22301
0 2 76
1 2 10170
2 3 8630
2 4 8092
5 6 13964
4 6 25550
4 5 14634
2 5 16724
1 5 26930
20418 1 4
0 1 19271
0 1 19451
0 1 14125
0 1 4085
18260 2 14
0 2 30835
0 2 22694
0 2 12912
1 2 17455
0 1 14629
0 2 4612
0 1 18802
0 2 25129
0 2 1376
0 2 1074
0 2 20749
1 2 18328
0 1 21129
1 2 23285
22366 2 5
0 2 27840
1 2 31930
0 2 15394
0 2 30341
1 2 32730
32111 3 17
1 3 17540
0 3 12502
2 3 935
2 3 4026
0 2 5165
0 3 9058
0 1 16148
0 3 13903
1 2 23754
1 2 28276
2 3 31148
1 3 24125
1 3 29603
2 3 20809
1 2 28174
0 3 6586
0 3 6829
19612 5 5
2 4 1096
0 1 10864
1 4 4213
0 2 31072
1 4 14716
25446 1 0
18763 2 21
0 2 14533
0 1 2069
0 1 32149
0 2 25098
0 1 22267
0 2 23301
1 2 18078
0 2 12603
1 2 7980
1 2 28652
1 2 11461
1 2 17086
0 2 22990
0 1 8904
0 1 8579
0 1 18650
0 2 12095
1 2 6552
0 1 15063
1 2 15314
0 2 23749
9027 1 20
0 1 9691
0 1 2555
0 1 9163
0 1 5283
0 1 903
0 1 6165
0 1 26886
0 1 11622
0 1 31751
0 1 32602
0 1 13814
0 1 23137
0 1 4558
0 1 31925
0 1 31253
0 1 30619
0 1 28603
0 1 1319
0 1 30059
0 1 2925
32374 4 19
0 3 15689
3 4 5764
2 3 30289
1 3 1568
0 2 22432
1 3 5305
1 3 16441
1 2 20758
1 3 14016
2 4 25542
2 3 2348
2 3 25578
2 3 19079
0 2 2218
1 2 2068
2 3 11406
0 1 23853
1 2 5054
0 1 16654
7475 4 1
2 4 20251
5735 6 14
2 6 1102
3 6 15313
0 5 14018
1 4 29745
2 4 1546
3 4 11914
3 6 7890
0 6 11453
3 6 24287
0 2 25091
3 4 11436
4 5 12170
1 4 9909
1 6 16055
19418 3 22
0 3 7184
2 3 15939
2 3 1697
1 2 28692
2 3 16503
1 3 19889
0 3 7966
0 2 32505
1 2 18290
0 3 31708
0 1 20823
2 3 19285
2 3 4066
1 2 22521
1 2 9576
1 2 25693
0 3 12745
2 3 25364
0 2 22516
1 3 26249
2 3 23436
0 1 17723
24790 6 4
4 5 17010
0 4 2774
3 5 23384
0 6 5316
18690 5 15
2 4 24537
1 4 3731
0 1 11640
0 1 25642
4 5 10064
0 2 26893
2 4 21518
2 5 25071
1 2 18361
2 3 26225
2 5 22911
2 3 1187
1 3 26391
0 1 25154
1 3 29374
28254 2 16
0 2 24484
1 2 6084
0 1 14502
1 2 31870
1 2 23464
0 1 10370
1 2 18616
0 2 29287
0 1 24840
0 2 21958
0 1 15204
1 2 17424
0 1 20574
0 2 4450
1 2 28252
1 2 6717
26816 6 18
1 3 17119
0 2 11225
0 1 10870
1 5 26744
0 2 4582
0 4 21219
0 4 4335
1 4 20945
3 4 16073
1 6 7680
2 4 31224
1 5 20385
0 3 30988
2 6 10223
3 6 2703
4 5 28208
2 4 30725
0 3 23552
9602 2 11
0 2 19702
0 2 6005
0 1 26119
1 2 17019
0 1 17556
1 2 19627
1 2 9776
0 2 32048
0 2 11374
0 1 4933
0 2 14239
22748 5 18
4 5 25887
0 5 31887
3 4 26443
3 4 24294
1 5 31153
3 4 6752
2 5 18400
2 3 4011
4 5 30714
2 4 11939
0 3 5397
1 3 21818
0 2 7036
0 4 32251
0 2 20957
1 2 17814
0 2 16817
0 3 12224
4673 2 8
0 1 1617
0 1 1077
0 2 28473
1 2 26871
0 1 20313
0 2 21472
0 2 31421
0 1 14175
17500 1 10
0 1 3577
0 1 32609
0 1 5612
0 1 4577
0 1 3699
0 1 16916
0 1 11128
0 1 29186
0 1 25015
0 1 31043
27228 3 11
0 3 30725
1 2 21243
0 3 22095
1 2 22433
1 3 24165
0 1 18356
1 2 28682
1 3 12865
0 2 24483
0 1 2012
0 1 21412
11468 3 12
0 2 11157
0 1 98
0 3 13195
0 3 1287
2 3 18623
1 2 17927
1 3 18070
0 3 6922
0 3 12739
1 2 9583
1 2 22753
2 3 5692
4 3 22
2 3 30443
0 3 27586
0 2 18938
1 3 18530
2 3 28234
0 2 1346
1 2 11464
0 1 18216
1 2 27755
1 2 27532
1 2 9123
0 3 16494
0 2 19896
1 2 15434
0 1 16898
1 3 25077
2 3 1348
0 3 30136
2 3 29275
0 3 9832
0 2 19288
0 1 27696
27248 4 1
2 4 28887
22460 2 17
0 1 11810
0 2 5001
1 2 26832
0 2 21894
0 1 13872
0 1 11795
1 2 23262
0 1 25842
1 2 10251
0 1 5557
0 1 4106
0 2 2871
0 1 16247
0 1 18968
0 1 10179
0 1 1570
0 2 29677
21286 1 0
32194 3 2
0 1 17648
0 1 11463
27370 5 21
1 3 12858
0 3 2908
2 3 13713
2 5 7948
2 5 13570
0 4 17043
3 5 3007
3 4 10571
1 3 28114
1 4 14338
1 3 17719
1 2 1708
0 4 28843
0 3 22977
4 5 2033
3 5 24733
0 3 15879
0 1 15618
2 4 23272
1 2 20971
0 3 12932
3487 6 15
0 2 23475
2 5 5649
2 3 32654
0 3 3496
0 2 12851
4 6 3285
0 1 29527
4 5 3574
4 5 19762
0 1 17836
3 4 19580
3 4 12199
0 3 24345
0 2 20730
3 6 21174
4977 7 20
0 1 4374
2 6 24688
4 7 19609
2 4 25329
0 2 1941
4 6 21111
0 3 32604
4 7 2362
2 6 1618
1 7 7329
5 6 13842
2 6 17759
2 7 8626
3 7 24909
1 6 3095
3 5 21154
4 6 11336
2 7 4175
0 1 27613
0 6 7959
20073 2 8
0 2 7726
1 2 701
0 2 31449
0 2 29545
0 1 26478
0 2 2196
1 2 5734
1 2 20896
28077 5 18
2 4 31698
2 3 31309
1 2 3353
4 5 8116
1 4 16660
1 2 30967
2 5 27599
0 1 9694
2 4 89
0 5 27114
1 2 26182
1 3 20406
2 3 3418
4 5 12973
0 5 8241
2 4 26130
2 4 22578
1 3 23444
26155 1 11
0 1 8406
0 1 8594
0 1 16298
0 1 16309
0 1 11939
0 1 32686
0 1 25999
0 1 5808
0 1 28297
0 1 10601
0 1 6133
26531 3 17
0 1 25488
2 3 1609
0 2 27226
1 2 8882
1 2 21939
0 1 4335
0 2 5160
1 3 14147
1 2 10608
1 3 12371
2 3 5409
0 2 6911
1 2 12677
0 3 14282
0 1 24114
0 2 8589
1 2 7024
30766 6 6
1 6 18146
3 6 24411
1 5 5279
1 6 8784
1 2 25220
0 4 1945
27502 7 5
0 6 23524
1 6 15148
2 7 22570
2 6 8368
4 6 16630
24592 7 10
4 5 2730
3 5 4670
5 7 22200
2 3 32093
5 7 24066
2 4 2722
5 7 11994
1 4 6462
2 4 26693
2 6 24147
5319 7 4
2 7 2586
0 6 2415
5 6 18651
0 1 30960
11222 5 0
17044 5 2
0 4 15098
1 3 22059
272 1 1
0 1 22630
23422 1 11
0 1 19522
0 1 23142
0 1 13042
0 1 28036
0 1 23415
0 1 23312
0 1 2968
0 1 14547
0 1 15924
0 1 25714
0 1 16888
10657 1 6
0 1 13716
0 1 28848
0 1 16312
0 1 3414
0 1 21744
0 1 28270
11742 1 18
0 1 1520
0 1 17336
0 