134729 1000
53419 162
0 4
133125 6
5760 8
27134 5
7802 5
60428 213
4720 4
7147 4
6386 14
121330 585
117013 35
48191 86
15688 88
14022 9
948 13
10604 18
64878 466
38095 6
70592 638
37500 170
17313 16
21110 112
0 8
2774 30
9731 5
5947 24
1116 12
115292 65
22463 24
144044 1284
0 3
9701 4
4252 4
99160 8
27908 37
89540 207
0 4
108915 323
73861 7
19567 81
20365 64
133458 351
29924 6
25113 46
11671 6
39492 6
14610 43
48969 9
11736 2
493 7
23899 9
31575 188
0 3
38207 35
21810 28
38028 18
87080 65
14842 8
52576 17
32180 3
81610 17
48805 19
22653 4
81784 48
23626 64
47839 19
52661 113
20612 6
51668 123
76554 38
50924 32
31426 6
25682 9
40566 78
37300 14
0 3
26423 5
108093 18
128478 2
26771 4
0 3
23009 2
133007 7
4693 9
16245 5
403 3
38082 54
0 1
29565 20
24094 3
9200 26
36407 29
1394 4
7219 2
7049 4
0 2
94764 241
78765 6
20416 94
85104 68
38615 30
163812 391
134776 100
8858 4
37160 2
10776 2
0 1
95168 21
10685 2
70525 6
0 1
100744 27
77047 11
64530 5
49705 15
0 2
96464 77
11744 4
37002 24
3208 3
47348 30
49383 8
0 1
108809 14
0 1
15483 1
10346 1
0 1
19871 8
0 1
61771 44
19373 21
26212 1
90285 117
43168 18
24948 42
0 0
0 0
0 1
0 1
166059 8
0 2
0 1
0 2
90670 6
90196 3
88548 3
84188 411
8319 4
18416 41
99679 58
0 1
4260 2
0 1
18123 2
0 2
43965 17
62775 22
21040 2
5449 1
7766 6
25858 11
0 1
11808 3
140773 50
69634 4
64776 32
21016 8
0 2
35737 13
69950 7
51999 117
115319 25
104541 174
13856 1
65856 14
0 0
42447 22
5984 2
64030 2
98022 8
35830 29
78984 31
24400 3
64090 33
60120 85
50135 9
95532 219
18153 2
0 1
86412 13
18024 1
46619 9
7532 1
51032 25
145706 113
0 1
51846 6
26738 86
26354 4
115702 388
0 2
54088 1
61655 25
0 1
53959 26
21190 3
0 1
69814 13
6342 4
59827 3
0 1
15995 1
23506 1
57607 6
16558 2
46197 21
51121 21
0 2
400 2
15038 15
4212 3
118023 158
13240 2
68675 26
0 1
96753 11
26829 19
0 1
20396 2
1414 2
4077 2
0 1
22542 15
64444 6
81001 6
11418 3
0 1
48000 3
10138 4
66054 26
19451 2
35048 7
30788 2
85224 27
67651 3
0 1
35496 23
8802 20
111379 240
0 1
7500 3
55298 22
60002 2
41252 16
53092 34
127191 49
12010 3
84466 26
2694 6
17465 10
71754 35
28104 29
0 3
0 1
40280 112
0 1
29111 2
110954 54
6570 3
26321 20
26279 7
135748 236
26153 13
71543 341
142430 6
141144 3
85032 19
27420 1
0 1
60392 2
0 1
23415 9
3414 1
11639 14
53570 13
87459 57
45166 48
141863 21
0 0
45260 76
5141 2
113094 32
67590 8
51178 50
0 2
36802 45
36370 4
1472 3
8134 7
91880 371
57215 6
15598 10
13966 3
11869 4
0 1
24780 7
50516 36
30956 3
5056 2
67662 43
78032 12
0 2
52292 8
84816 4
122856 51
0 1
168786 7
2250 2
73450 8
31956 3
103934 21
0 1
102549 47
43805 9
0 1
73007 52
32997 5
55231 207
23862 3
0 1
58119 18
32568 4
0 1
133148 51
5177 1
12567 3
79122 38
7280 2
19018 30
58364 4
14052 1
57648 21
51560 16
147945 199
6463 2
118306 2
81374 81
16479 10
6684 4
133608 8
0 1
87540 6
23209 1
7290 6
8812 1
16968 11
132622 15
47178 116
58604 12
120643 13
24066 156
77281 65
0 1
0 2
115656 2
0 1
0 0
0 1
122580 13
72270 1
99895 5
0 1
21942 4
18411 5
126614 32
78834 36
136580 31
80679 43
2968 3
38553 11
12187 2
242 2
102599 7
67815 4
0 1
12652 2
36166 16
67299 23
26025 59
109112 234
98852 10
50889 15
76580 13
54185 32
23357 4
62435 2
102793 25
92615 16
10429 9
93178 72
10171 2
0 2
77803 29
30448 80
0 2
66201 9
2988 2
18120 3
127604 50
15581 7
89055 40
45026 1
3204 3
83088 56
0 1
0 1
8683 6
6918 13
2224 2
27253 11
13817 4
12368 13
26834 26
30120 1
73241 17
0 1
32512 29
0 1
28153 5
6708 3
16650 1
13124 3
26832 8
69356 8
39845 25
0 2
43843 11
52786 9
33203 2
986 5
0 1
41972 19
58342 7
1516 3
64269 2
59977 3
6200 1
54774 70
7978 3
26041 13
59498 82
7084 1
0 2
0 1
24056 3
61054 37
33123 2
22278 15
65395 20
64698 7
1789 3
10285 2
48685 2
18454 2
53458 8
8800 2
0 1
0 1
11621 9
6889 2
4039 1
50984 103
15819 4
2164 2
24124 3
38784 12
69218 40
13668 7
11024 10
0 1
15552 3
94704 5
35342 1
100515 50
58775 29
27732 1
89724 47
50640 77
45896 4
10000 2
28712 1
42042 9
0 1
21874 3
149756 216
39386 15
21284 4
143580 7
9141 2
27363 5
29654 20
0 4
134319 66
84113 272
81043 2
0 2
0 1
114107 67
19335 35
54638 14
37219 3
185868 122
30854 62
58170 27
43856 15
115184 59
84397 30
48109 2
13730 3
27688 9
84734 11
307 2
82704 40
28591 7
43196 13
16411 3
36627 27
94417 40
63723 73
36687 9
0 0
8194 2
25595 7
115284 34
6513 1
48545 5
2166 1
0 0
102484 102
74417 5
0 1
0 2
14407 2
112560 10
102830 5
39143 16
0 3
91903 252
0 2
6158 2
9556 3
70305 3
26595 3
44198 4
26418 4
39984 19
13377 4
59084 38
70709 31
94309 26
10943 2
57484 45
12295 5
9252 1
5976 4
89622 10
37846 9
33781 5
76309 3
107792 9
0 1
18499 5
47175 13
21074 8
47088 8
22376 4
1442 1
76190 13
50496 3
0 1
157 1
37267 11
9446 3
34589 2
15836 3
16495 3
30476 2
163206 99
42070 4
56175 2
0 2
23078 28
0 1
97746 4
11269 3
32580 493
112528 20
65294 3
46335 13
0 1
208659 98
85300 7
11081 22
12060 3
11795 1
0 1
47386 4
9368 3
17245 4
32829 4
46051 17
0 1
0 1
18616 5
16709 2
6630 6
0 1
44732 6
44199 19
1029 2
35202 3
27855 6
54038 14
56985 35
0 1
27494 7
155696 24
73203 461
106700 9
0 2
59022 56
81496 389
53299 39
2937 8
46758 33
1142 3
8114 1
74142 9
0 2
25114 1
163031 6
24680 48
0 1
85299 7
0 1
0 1
2412 1
46 2
19618 2
0 0
76197 35
81010 1
0 1
42813 41
48303 9
193748 47
25897 9
14842 2
23643 3
37382 14
0 1
26675 18
21696 4
31522 5
0 1
0 0
63644 26
0 1
111536 2
59302 3
3877 8
4520 1
0 1
25623 3
16281 2
28237 28
6370 1
1110 2
0 2
173399 56
31375 6
0 1
8397 1
11684 18
0 1
4066 10
49182 4
10023 2
773 3
22980 1
7423 26
67888 18
19300 24
12977 2
25468 5
0 2
129369 82
0 1
4109 3
116712 11
20192 3
21840 6
74062 22
0 1
21100 17
36773 9
89732 17
0 1
19900 2
82194 57
166866 116
42940 74
61190 60
0 2
159235 21
14742 3
0 0
11650 10
0 2
113914 48
0 6
38769 3
20230 7
95965 34
4858 15
0 1
31403 77
109475 45
34508 13
7511 2
25737 3
11285 2
3713 3
35635 10
0 0
26052 5
0 0
0 2
13692 2
37284 6
43972 46
608 3
39840 22
110722 52
111119 2
14294 66
67884 59
16994 32
16443 15
41 5
72651 14
0 1
117177 58
17554 2
30031 5
7683 2
6710 1
0 1
25084 4
0 1
147330 23
90421 6
13938 1
32957 4
6658 1
41926 30
59238 5
0 1
124644 1
72146 8
34374 2
39087 6
30708 2
6201 3
9628 12
59683 23
71995 2
28557 7
8041 1
81205 10
0 1
0 1
27729 14
29368 3
59961 2
24678 6
7744 1
3831 1
55179 23
26363 5
63638 289
812 2
11940 3
37878 6
24825 3
30578 9
0 1
1437 2
151 2
0 0
49815 1
0 1
2479 1
10104 1
7995 3
40929 39
20937 3
18146 73
553 0
20414 3
51624 8
116 2
42165 39
50474 4
32457 4
8154 2
38415 1
5212 6
43308 1
0 1
19390 3
89487 32
0 2
40366 31
16641 1
0 1
4393 6
92898 33
144886 849
14096 25
0 1
45677 3
83052 18
46834 9
7923 14
6374 16
8332 1
6530 9
0 1
62883 167
0 1
128138 17
5184 1
129648 82
121287 214
18088 14
51192 16
0 2
19731 5
472 2
0 4
14147 5
92092 89
0 4
0 1
0 1
79624 100
27887 32
127000 140
91145 19
43770 94
38363 21
3618 2
21284 10
29142 2
0 1
0 1
31839 2
83245 4
0 1
35116 7
16098 6
14733 12
61264 29
11589 5
0 1
0 1
48726 4
14033 2
56492 4
58135 2
3148 3
40867 27
55728 34
0 1
30973 22
17168 1
5058 1
0 2
2516 2
2969 1
23994 1
3244 1
12423 7
98829 26
1547 4
8994 4
32342 15
0 2
116297 20
0 0
2142 3
0 1
0 1
22197 13
74394 15
71391 14
0 1
82355 35
0 2
937 1
31650 3
20091 1
0 1
0 2
0 1
136716 106
116326 574
9242 12
198809 9
448 2
26203 67
88935 52
69698 56
139472 55
16285 5
37521 1
49196 28
0 1
87910 17
5572 1
52618 32
52174 17
27527 142
17443 6
17976 1
30283 80
81613 226
175943 53
39982 41
66120 26
101873 38
170286 60
65008 53
4346 2
55108 54
57303 109
0 2
80527 17
40570 4
288 3
11959 5
18245 3
75003 120
28563 96
65651 5
92240 8
123536 1
55584 178
85434 20
408 2
14454 1
0 2
156933 84
126409 33
31052 7
8135 1
186705 10
4799 7
43158 3
87 1
22959 8
0 0
58763 8
25950 18
12790 4
0 1
67319 12
0 1
45832 14
48205 4
0 1
35240 19
21564 18
14016 3
0 1
79260 28
1915 3
105891 5
151705 39
164930 31
47913 7
49864 2
27783 3
80 2
0 1
21294 68
0 0
156434 57
0 0
4318 1
29886 13
102597 23
184175 75
14783 13
29441 6
29278 2
51700 11
21864 9
0 1
14018 2
57569 7
77917 33
10443 7
0 2
24733 16
1921 2
122857 104
64626 25
55043 11
40843 21
57654 4
5141 1
8314 4
102656 93
109910 6
28214 3
26460 13
40557 9
128493 8
130334 46
93305 58
0 1
132110 2
7906 3
33966 5
25390 5
81851 8
60487 143
1398 3
17320 1
56634 1
29754 6
37744 1
0 1
43884 2
0 1
32973 5
60706 8
82851 10
1319 2
131794 9
24640 14
32754 10
0 2
3957 5
0 0
83047 18
62786 66
25185 12
152044