145352 0
54888 0
0 0
133125 0
5760 0
27134 0
7802 0
60428 0
4720 0
7147 0
6386 0
121330 0
122969 0
48191 0
15688 0
20411 0
948 0
10604 0
65316 0
38095 0
70592 0
37500 0
17313 0
21110 0
0 0
2774 0
9731 0
5947 0
1116 0
115292 0
22463 0
159284 0
0 0
9701 0
4252 0
99160 0
27908 0
89540 0
0 0
124255 0
73861 0
19567 0
20365 0
154132 0
29924 0
25113 0
11671 0
39492 0
15340 0
48969 0
11736 0
493 0
23899 0
31575 0
0 0
38207 0
21810 0
38028 0
87080 0
14842 0
52576 0
32180 0
97334 0
48805 0
22653 0
81889 0
23626 0
47839 0
52661 0
20612 0
51668 0
76554 0
52085 0
31426 0
25682 0
45062 0
37300 0
0 0
26423 0
108093 0
128478 0
26771 0
0 0
23009 0
133007 0
4693 0
16245 0
403 0
38082 0
0 0
31055 0
24094 0
9200 0
36407 0
1394 0
7219 0
7049 0
0 0
151763 0
78765 0
20416 0
96764 0
38615 0
163812 0
136145 0
8858 0
37160 0
10776 0
0 0
116779 0
10685 0
70525 0
0 0
100744 0
77047 0
64530 0
49705 0
0 0
96464 0
11744 0
37794 0
3208 0
47348 0
49383 0
0 0
112576 0
0 0
15483 0
10346 0
0 0
19871 0
0 0
62649 0
19373 0
26212 0
90285 0
44711 0
24948 0
0 0
0 0
0 0
0 0
166059 0
0 0
0 0
0 0
90670 0
90196 0
88548 0
87194 0
8319 0
18416 0
129423 0
0 0
4260 0
0 0
18123 0
0 0
43965 0
84750 0
21040 0
5449 0
7766 0
25858 0
0 0
11808 0
141295 0
69634 0
64776 0
21016 0
0 0
35737 0
69950 0
61664 0
115319 0
104541 0
13856 0
86257 0
0 0
42447 0
5984 0
64030 0
98022 0
35830 0
78984 0
24400 0
64090 0
60226 0
57682 0
95532 0
18153 0
0 0
109718 0
18024 0
77542 0
7532 0
53683 0
154446 0
0 0
54341 0
26738 0
26354 0
115702 0
0 0
54088 0
61655 0
0 0
53959 0
21190 0
0 0
69814 0
6342 0
61612 0
0 0
15995 0
23506 0
57607 0
16558 0
46197 0
51551 0
0 0
400 0
16161 0
4212 0
120511 0
13240 0
68675 0
0 0
96753 0
26829 0
0 0
20396 0
1414 0
4077 0
0 0
22542 0
66097 0
81001 0
11418 0
0 0
61426 0
10138 0
76778 0
19451 0
35048 0
30788 0
94506 0
67651 0
0 0
36728 0
8802 0
118826 0
0 0
7500 0
55298 0
60002 0
41252 0
53826 0
138061 0
12010 0
101125 0
2694 0
17465 0
71754 0
28104 0
0 0
0 0
43788 0
0 0
29111 0
129154 0
6570 0
26321 0
26279 0
135748 0
26153 0
78524 0
142430 0
141144 0
96588 0
27420 0
0 0
60392 0
0 0
23415 0
3414 0
11639 0
53858 0
100118 0
45647 0
165046 0
0 0
45260 0
5141 0
113094 0
67590 0
51178 0
0 0
36802 0
36370 0
1472 0
8134 0
94116 0
57215 0
17873 0
13966 0
11869 0
0 0
24780 0
50516 0
30956 0
5056 0
79858 0
85212 0
0 0
52298 0
84816 0
122946 0
0 0
168786 0
2250 0
73450 0
31956 0
107308 0
0 0
138182 0
43805 0
0 0
81021 0
32997 0
55614 0
23862 0
0 0
58718 0
32568 0
0 0
145545 0
5177 0
12567 0
80448 0
7280 0
19018 0
58364 0
14052 0
66721 0
51560 0
147945 0
6463 0
118306 0
89029 0
16479 0
6684 0
133608 0
0 0
121238 0
23209 0
7290 0
8812 0
16968 0
132622 0
50440 0
59188 0
120643 0
24066 0
77342 0
0 0
0 0
115656 0
0 0
0 0
0 0
122580 0
72270 0
99895 0
0 0
21942 0
18411 0
141908 0
81346 0
137312 0
80679 0
2968 0
38553 0
12187 0
242 0
102599 0
67815 0
0 0
12652 0
48356 0
67299 0
26025 0
114205 0
116361 0
51705 0
76580 0
54185 0
23357 0
62435 0
107224 0
92615 0
10429 0
97590 0
10171 0
0 0
87571 0
30448 0
0 0
66201 0
2988 0
18120 0
132103 0
15581 0
117358 0
45026 0
3204 0
83088 0
0 0
0 0
8683 0
6918 0
2224 0
27253 0
13817 0
12368 0
26834 0
30120 0
104164 0
0 0
35924 0
0 0
28153 0
6708 0
16650 0
13124 0
26832 0
69356 0
39845 0
0 0
43843 0
52786 0
33203 0
986 0
0 0
41972 0
58342 0
1516 0
64269 0
59977 0
6200 0
55798 0
7978 0
26041 0
59997 0
7084 0
0 0
0 0
24056 0
61054 0
33123 0
22278 0
71165 0
67329 0
1789 0
10285 0
48685 0
18454 0
65191 0
8800 0
0 0
0 0
11621 0
6889 0
4039 0
52108 0
15819 0
2164 0
24124 0
38784 0
81166 0
13668 0
11024 0
0 0
15552 0
94704 0
35342 0
100515 0
58775 0
27732 0
107230 0
51584 0
45896 0
10000 0
28712 0
42042 0
0 0
21874 0
161067 0
39386 0
21284 0
143580 0
9141 0
27363 0
29654 0
0 0
134319 0
84836 0
81043 0
0 0
0 0
114107 0
19335 0
55576 0
37219 0
186231 0
30854 0
58170 0
45678 0
124286 0
84397 0
48109 0
13730 0
27688 0
105368 0
307 0
82704 0
28591 0
43196 0
16411 0
51604 0
94417 0
64110 0
36687 0
0 0
8194 0
25595 0
125127 0
6513 0
48545 0
2166 0
0 0
102484 0
80324 0
0 0
0 0
14407 0
125492 0
111966 0
39143 0
0 0
93205 0
0 0
6158 0
9556 0
70305 0
26595 0
44198 0
26418 0
39984 0
13377 0
59084 0
72646 0
125994 0
10943 0
58046 0
12295 0
9252 0
5976 0
89622 0
37846 0
33781 0
76309 0
111211 0
0 0
18499 0
47175 0
21074 0
64685 0
22376 0
1442 0
76190 0
54309 0
0 0
157 0
40154 0
9446 0
34589 0
15836 0
16495 0
30476 0
187370 0
42070 0
56175 0
0 0
23078 0
0 0
97746 0
11269 0
32580 0
112528 0
65294 0
46335 0
0 0
208659 0
85300 0
11081 0
12060 0
11795 0
0 0
47386 0
9368 0
17245 0
32829 0
46051 0
0 0
0 0
18616 0
16709 0
6630 0
0 0
44732 0
44200 0
1029 0
35202 0
27855 0
55118 0
59189 0
0 0
27494 0
155696 0
74582 0
106700 0
0 0
77000 0
88734 0
58026 0
2937 0
46758 0
1142 0
8114 0
74142 0
0 0
25114 0
163031 0
24680 0
0 0
85299 0
0 0
0 0
2412 0
46 0
19618 0
0 0
105255 0
81010 0
0 0
45950 0
48303 0
193748 0
25897 0
14842 0
23643 0
37382 0
0 0
26675 0
21696 0
31522 0
0 0
0 0
63644 0
0 0
111536 0
77342 0
3877 0
4520 0
0 0
25623 0
16281 0
28237 0
6370 0
1110 0
0 0
197632 0
31375 0
0 0
8397 0
11684 0
0 0
4066 0
49182 0
10023 0
773 0
22980 0
7423 0
67888 0
19300 0
12977 0
25468 0
0 0
153001 0
0 0
4109 0
116712 0
20192 0
21840 0
74062 0
0 0
40383 0
67920 0
89732 0
0 0
19900 0
82194 0
194301 0
42940 0
66892 0
0 0
179871 0
14742 0
0 0
11650 0
0 0
130524 0
0 0
38769 0
21116 0
120226 0
4858 0
0 0
31403 0
115950 0
34508 0
7511 0
25737 0
11285 0
3713 0
35635 0
0 0
48552 0
0 0
0 0
13692 0
37284 0
43972 0
608 0
39840 0
113602 0
111119 0
14294 0
80945 0
16994 0
16443 0
41 0
72651 0
0 0
123972 0
17554 0
30031 0
7683 0
6710 0
0 0
25084 0
0 0
147330 0
90421 0
13938 0
32957 0
6658 0
41926 0
59238 0
0 0
124644 0
86595 0
34374 0
39087 0
30708 0
6201 0
9628 0
59683 0
71995 0
28557 0
8041 0
81205 0
0 0
0 0
27729 0
29368 0
59961 0
24678 0
7744 0
3831 0
56974 0
26363 0
63656 0
812 0
11940 0
37878 0
24825 0
30578 0
0 0
1437 0
151 0
0 0
49815 0
0 0
2479 0
10104 0
7995 0
41248 0
20937 0
18146 0
553 0
20414 0
56190 0
116 0
45006 0
50474 0
32457 0
8154 0
38415 0
5212 0
43308 0
0 0
19390 0
89487 0
0 0
40366 0
16641 0
0 0
4393 0
92898 0
152302 0
14096 0
0 0
45677 0
87307 0
46834 0
7923 0
6374 0
8332 0
6530 0
0 0
63668 0
0 0
128138 0
5184 0
148786 0
122803 0
18088 0
51192 0
0 0
19731 0
472 0
0 0
14147 0
92092 0
0 0
0 0
0 0
79624 0
27887 0
127000 0
91145 0
44586 0
38363 0
3618 0
21284 0
29142 0
0 0
0 0
31839 0
83245 0
0 0
35116 0
16098 0
14733 0
61264 0
11589 0
0 0
0 0
48726 0
14033 0
56492 0
102140 0
3148 0
40867 0
60674 0
0 0
30973 0
17168 0
5058 0
0 0
2516 0
2969 0
23994 0
3244 0
12423 0
98829 0
1547 0
8994 0
32342 0
0 0
125176 0
0 0
2142 0
0 0
0 0
22197 0
102125 0
71841 0
0 0
88284 0
0 0
937 0
31650 0
20091 0
0 0
0 0
0 0
136716 0
140096 0
9242 0
198809 0
448 0
26203 0
117837 0
75270 0
149125 0
16285 0
37521 0
51312 0
0 0
88120 0
5572 0
52618 0
53839 0
27527 0
17443 0
17976 0
30283 0
87081 0
192489 0
40590 0
69921 0
121043 0
206527 0
65008 0
4346 0
60829 0
57516 0
0 0
80527 0
40570 0
288 0
11959 0
18245 0
75003 0
28563 0
65651 0
92240 0
123536 0
56908 0
85434 0
408 0
14454 0
0 0
156933 0
126409 0
31052 0
8135 0
186705 0
4799 0
43158 0
87 0
22959 0
0 0
68383 0
25950 0
12790 0
0 0
67319 0
0 0
62396 0
48205 0
0 0
40410 0
21564 0
14016 0
0 0
79260 0
1915 0
105891 0
177879 0
192750 0
47913 0
49864 0
27783 0
80 0
0 0
21294 0
0 0
166199 0
0 0
4318 0
29886 0
130845 0
184197 0
14783 0
29441 0
29278 0
51700 0
23518 0
0 0
14018 0
124351 0
78475 0
10804 0
0 0
24733 0
1921 0
165592 0
65501 0
55043 0
42791 0
57654 0
5141 0
8314 0
123665 0
109910 0
29460 0
26460 0
40557 0
128493 0
151765 0
100260 0
0 0
132110 0
7906 0
33966 0
29608 0
81851 0
60612 0
1398 0
17320 0
56634 0
43797 0
37744 0
0 0
43884 0
0 0
32973 0
60706 0
84998 0
1319 0
131794 0
24640 0
32754 0
0 0
3957 0
0 0
92954 0
64923 0
25185 0
155692 0
0 0
26662 0
117450 0
0 0
23265 0
185580 0
40898 0
131231 0
7358 0
0 0
39004 0
64872 0
10783 0
9729 0
21373 0
1740 0
16183 0
0 0
0 0
118655 0
84840 0
104101 0
12905 0
0 0
49580 0
82457 0
93900 0
41341 0
23160 0
0 0
0 0
5688 0
188550 0
0 0
5437 0
4102 0
1940 0
1252 0
14145 0
2416 0
14534 0
42373 0
77571 0
2938 0
21461 0
26509 0
6066 0
1396 0
77452 0
56629 0
103227 0
193267 0
112710 0
0 0
25201 0
55236 0
149766 0
29456 0
1016 0
544 0
30750 0
18182 0
92042 0
5624 0
105981 0
99475 0
0 0
27457 0
105819 0
23258 0
40477 0
76092 0
15020 0
30663 0
22719 0
13789 0
18117 0
14898 0
40868 0
32464 0
36698 0
101730 0
207337 0
2036 0
36253 0
134465 0
39318 0
0 0
124561 0
51590 0
57485 0
72714 0
41939 0
500 0
13674 0
71594 0
45738 0
12199 0
22003 0
69460 0
2873 0
89495 0
29640 0
0 0
64544 0
3530 0
26717 0
10613 0
0 0
14831 0
0 0
3024 0
95524 0
88225 0
28659 0
59210 0
25234 0
156189 0
0 0
0 0
17883 0
15297 0
11722 0
59712 0
70794 0
89227 0
4425 0
18570 0
86108 0
1520 0
616 0
165283 0
27599 0
56352 0
0 0
18062 0
606 0
0 0
27199 0
0 0
28811 0
36938 0
13679 0
19071 0
56073 0
1672 0
181861 0
14376 0
77453 0
0 0
818 0
2422 0
58779 0
68547 0
45144 0
134533 0
97440 0
2196 0
1566 0
58672 0
0 0
0 0
19277 0
46783 0
110210 0
0 0
35171 0
13120 0
40613 0
19467 0
2470 0
22149 0
0 0
15761 0
0 0
12088 0
15755 0
6245 0
11817 0
98145 0
697 0
57639 0
21036 0
143307 0
61813 0
54872 0
77320 0
0 0
38774 0
0 0
93183 0
5214 0
13217 0
136808 0
0 0
53713 0
15203 0
46130 0
80760 0
0 0
55487 0
0 0
64662 0
158572 0
67400 0
4352 0
0 0
0 0
1543 0
18886 0
0 0
27566 0
44313 0
63839 0
0 0
94699 0
15945 0
127036 0
0 0
79348 0
105992 0
1806 0
58845 0
20507 0
1897 0
70996 0
0 0
903 0
5726 0
13637 0
16866 0
69324 0
82917 0
29940 0
100258 0
24279 0
32573 0
84858 0
963 0
34921 0
21081 0
177345 0
21224 0
103190 0
0 0
11728 0
0 0
13124 0
65591 0
27152 0
63531 0
95875 0
0 0
54908 0
133737 0
0 0
0 0
0 0
50016 0
98180 0
1670 0
0 0
53323 0
19227 0
38343 0
65546 0
53630 0
27325 0
32756 0
0 0
3540 0
0 0
49244 0
28817 0
559 0
112868 0
1853 0
0 0
3332 0
20307 0
0 0
16411 0
26742 0
9070 0
9821 0
19826 0
69999 0
26360 0
39270 0
102404 0
0 0
0 0
19635 0
31579 0
0 0
31754 0
65693 0
122050 0
26887 0
113467 0
21118 0
12488 0
10188 0
0 0
2950 0
31979 0
7948 0
72531 0
54782 0
19019 0
2205 0
25169 0
66770 0
97244 0
58385 0
40988 0
12331 0
0 0
67311 0
164610 0
2898 0
0 0
53043 0
81597 0
0 0
0 0
151890 0
137179 0
21593 0
1344 0
65540 0
0 0
116634 0
0 0
3436 0
67093 0
51869 0
21571 0
0 0
0 0
14200 0
51774 0
235 0
41936 0
3834 0
32068 0
0 0
60938 0
0 0
78188 0
0 0
15780 0
55686 0
52732 0
4252 0
18267 0
0 0
27753 0
23346 0
24363 0
48131 0
98147 0
0 0
0 0
24997 0
40924 0
3658 0
10632 0
0 0
26801 0
29146 0
89430 0
93445 0
0 0
39892 0
30395 0
0 0
9192 0
138115 0
49060 0
80569 0
9225 0
23960 0
17670 0
2700 0
52039 0
26786 0
46078 0
111426 0
33259 0
39818 0
49484 0
5428 0
48876 0
33882 0
64432 0
71094 0
0 0
28676 0
54522 0
43761 0
0 0
5430 0
339 0
0 0
58867 0
9108 0
38249 0
53244 0
96671 0
18846 0
23762 0
0 0
512 0
11509 0
3761 0
0 0
16187 0
68586 0
124765 0
51825 0
72507 0
0 0
28252 0
72088 0
32533 0
25906 0
85184 0
26342 0
41047 0
2223 0
2944 0
69969 0
25795 0
0 0
28316 0
57803 0
0 0
29428 0
33788 0
70822 0
44622 0
42772 0
0 0
179753 0
69487 0
55651 0
31065 0
0 0
107457 0
22977 0
9203 0
105052 0
26503 0
4955 0
0 0
0 0
37616 0
13136 0
23487 0
28663 0
57909 0
55546 0
0 0
10652 0
0 0
140466 0
554 0
74171 0
63294 0
0 0
24960 0
130890 0
21586 0
10919 0
22602 0
12302 0
51614 0
75618 0
19099 0
28916 0
13905 0
52655 0
147706 0
27810 0
2941 0
25227 0
1824 0
4687 0
0 0
5850 0
124550 0
26817 0
30589 0
158925 0
60066 0
22528 0
19645 0
42841 0
67685 0
23900 0
64466 0
21090 0
90531 0
2174 0
25725 0
0 0
74592 0
0 0
7909 0
39160 0
64968 0
23831 0
500 0
8832 0
68593 0
104626 0
75736 0
37734 0
64711 0
141826 0
8684 0
16528 0
0 0
19216 0
37917 0
7032 0
8625 0
1308 0
30432 0
32666 0
18878 0
8106 0
117930 0
56930 0
32614 0
17230 0
91448 0
0 0
69799 0
80584 0
1167 0
27018 0
90828 0
10956 0
0 0
0 0
58492 0
0 0
6906 0
91165 0
12818 0
214666 0
0 0
67933 0
150351 0
75069 0
0 0
15042 0
22200 0
36166 0
58677 0
0 0
0 0
26787 0
5124 0
119640 0
26475 0
4460 0
23402 0
7364 0
18890 0
52788 0
9463 0
37264 0
32735 0
29565 0
12671 0
5778 0
34534 0
43504 0
128592 0
37840 0
47855 0
101117 0
180789 0
46548 0
11292 0
47557 0
6488 0
2228 0
18091 0
0 0
0 0
22423 0
35740 0
12694 0
46522 0
23550 0
73902 0
10653 0
18538 0
34837 0
5959 0
0 0
0 0
85119 0
48209 0
24884 0
103650 0
67971 0
0 0
74213 0
0 0
59703 0
2930 0
0 0
0 0
0 0
372 0
131020 0
3066 0
10086 0
33681 0
151083 0
0 0
0 0
53308 0
124068 0
0 0
40844 0
89192 0
26005 0
0 0
73476 0
144717 0
29195 0
25602 0
27124 0
24927 0
32620 0
179817 0
28014 0
55940 0
122291 0
0 0
17358 0
1830 0
1459 0
123090 0
40824 0
138615 0
25203 0
64404 0
84852 0
6084 0
44871 0
80398 0
19085 0
0 0
1536 0
10951 0
103407 0
8530 0
0 0
54928 0
0 0
0 0
63631 0
88668 0
51500 0
102599 0
25992 0
53848 0
81112 0
64250 0
125382 0
66891 0
60160 0
0 0
27555 0
2940 0
61446 0
32209 0
32174 0
62309 0
23810 0
0 0
112195 0
0 0
0 0
29450 0
123430 0
28556 0
22982 0
122246 0
57616 0
89064 0
133851 0
53583 0
9994 0
20572 0
0 0
34702 0
42633 0
7633 0
46565 0
142670 0
93692 0
13089 0
9978 0
57564 0
196762 0
484 0
55608 0
45842 0
83362 0
46432 0
37911 0
5879 0
41676 0
72460 0
21705 0
60561 0
15628 0
68172 0
4063 0
44006 0
33565 0
3714 0
25004 0
0 0
127172 0
87783 0
3239 0
78084 0
107876 0
198 0
11731 0
0 0
0 0
18452 0
55896 0
80820 0
48621 0
2321 0
38849 0
13383 0
2687 0
0 0
3534 0
0 0
7472 0
60338 0
128237 0
19581 0
22898 0
57354 0
0 0
40655 0
73998 0
30044 0
0 0
4833 0
4256 0
71757 0
28416 0
38455 0
27942 0
43224 0
112147 0
89203 0
1425 0
87973 0
1339 0
65181 0
31497 0
14096 0
68328 0
0 0
17224 0
0 0
3075 0
0 0
32412 0
0 0
12057 0
0 0
130515 0
25404 0
34322 0
29986 0
94140 0
88360 0
0 0
9970 0
0 0
0 0
75952 0
9378 0
99323 0
13199 0
75400 0
3862 0
0 0
31278 0
0 0
113842 0
20958 0
0 0
566 0
28927 0
79084 0
15112 0
103224 0
0 0
3232 0
13096 0
0 0
41033 0
0 0
17643 0
0 0
0 0
0 0
3750 0
16188 0
25972 0
30674 0
20531 0
11933 0
0 0
0 0
0 0
0 0
26798 0
33848 0
47268 0
16492 0
70739 0
71646 0
0 0
83960 0
0 0
18837 0
10506 0
7870 0
15073 0
97380 0
4488 0
0 0
30455 0
40140 0
15702 0
490 0
83982 0
55209 0
58086 0
0 0
152790 0
28567 0
57134 0
4860 0
83351 0
10253 0
23902 0
9538 0
0 0
27614 0
150 0
0 0
17301 0
3386 0
126541 0
27672 0
8574 0
4911 0
20518 0
84981 0
10902 0
25180 0
0 0
4976 0
43033 0
0 0
46050 0
2024 0
45121 0
140634 0
0 0
0 0
64857 0
64718 0
111836 0
7987 0
25015 0
68632 0
6154 0
173787 0
0 0
115892 0
42645 0
13889 0
7763 0
62998 0
38786 0
23457 0
2023 0
77358 0
108385 0
0 0
25169 0
35779 0
114708 0
54476 0
86176 0
26668 0
5360 0
700 0
3123 0
4227 0
161071 0
5148 0
101706 0
161571 0
88381 0
104843 0
18008 0
20911 0
33336 0
30005 0
45662 0
9508 0
10770 0
49101 0
17412 0
802 0
21185 0
10706 0
175950 0
0 0
185373 0
58812 0
68578 0
29925 0
0 0
0 0
84007 0
133425 0
139221 0
19639 0
60528 0
19312 0
2451 0
105997 0
42402 0
86874 0
96415 0
105691 0
45372 0
102486 0
125500 0
38144 0
0 0
0 0
6367 0
145285 0
153883 0
0 0
99800 0
98466 0
85146 0
45791 0
59282 0
0 0
6114 0
0 0
23916 0
101153 0
27152 0
52165 0
0 0
76142 0
24994 0
0 0
9479 0
8418 0
147905 0
0 0
75140 0
283 0
23081 0
38874 0
1470 0
24005 0
0 0
210 0
22002 0
154239 0
58424 0
25175 0
19701 0
4694 0
0 0
43498 0
0 0
0 0
48868 0
108933 0
62325 0
63598 0
0 0
4700 0
0 0
104355 0
30877 0
107603 0
29244 0
99420 0
133909 0
0 0
28157 0
7057 0
34076 0
53346 0
0 0
6366 0
49218 0
0 0
66737 0
3274 0
25228 0
0 0
42803 0
208852 0
13206 0
12246 0
0 0
0 0
17940 0
45434 0
0 0
89667 0
167907 0
2895 0
0 0
91149 0
69280 0
0 0
63296 0
13160 0
46791 0
0 0
1143 0
30848 0
0 0
68241 0
0 0
148262 0
4060 0
60574 0
95132 0
0 0
5880 0
0 0
29534 0
76007 0
26508 0
17080 0
0 0
9024 0
56783 0
0 0
235 0
169232 0
61641 0
45055 0
33301 0
89649 0
168319 0
48043 0
19344 0
35405 0
85523 0
468 0
97171 0
0 0
97155 0
4765 0
25697 0
112568 0
23260 0
21962 0
30928 0
0 0
0 0
71365 0
7439 0
0 0
8326 0
14471 0
104022 0
26735 0
11076 0
84390 0
179131 0
126426 0
56116 0
4313 0
4680 0
0 0
31844 0
12547 0
35932 0
70607 0
11726 0
55393 0
18202 0
104693 0
18884 0
4468 0
10794 0
73369 0
10896 0
0 0
35054 0
96332 0
107909 0
47145 0
75188 0
160276 0
37086 0
119839 0
31705 0
42604 0
15906 0
1927 0
0 0
231 0
0 0
9448 0
14903 0
92976 0
0 0
112235 0
6925 0
0 0
73436 0
0 0
53395 0
2697 0
3710 0
5411 0
27840 0
20827 0
293 0
28935 0
63067 0
102027 0
46665 0
0 0
4067 0
46716 0
87233 0
0 0
42404 0
0 0
0 0
4227 0
100863 0
122944 0
23505 0
55501 0
10770 0
10498 0
9445 0
53792 0
64389 0
41515 0
46085 0
123317 0
109504 0
72096 0
29796 0
149740 0
55550 0
69295 0
25400 0
41510 0
29355 0
0 0
8260 0
38888 0
0 0
148078 0
45299 0
42648 0
55777 0
4096 0
0 0
0 0
33301 0
14961 0
83313 0
138856 0
14788 0
7961 0
131056 0
69943 0
0 0
74594 0
24315 0
62934 0
114274 0
0 0
0 0
85302 0
61643 0
26050 0
47054 0
62535 0
171639 0
27282 0
85857 0
1320 0
18256 0
4793 0
0 0
61418 0
25446 0
0 0
9678 0
10112 0
105356 0
40114 0
29448 0
66495 0
999 0
37633 0
58468 0
146909 0
0 0
31769 0
57350 0
80915 0
10312 0
1486 0
0 0
147934 0
2150 0
70306 0
66495 0
164682 0
109193 0
106788 0
4879 0
11667 0
166084 0
110412 0
17494 0
31151 0
53060 0
25114 0
0 0
139794 0
22325 0
59852 0
79654 0
2090 0
0 0
102060 0
10862 0
1006 0
0 0
18066 0
60265 0
119445 0
9567 0
0 0
83247 0
0 0
31051 0
27792 0
20689 0
0 0
21916 0
11184 0
16548 0
35838 0
28360 0
0 0
0 0
0 0
67380 0
68245 0
0 0
127104 0
0 0
40547 0
0 0
9266 0
34272 0
17170 0
46024 0
51735 0
40070 0
0 0
149085 0
44122 0
138400 0
51058 0
3730 0
7029 0
17859 0
1848 0
16564 0
25501 0
497 0
122412 0
477 0
27173 0
97066 0
5762 0
71104 0
87271 0
0 0
12074 0
8796 0
18884 0
0 0
7557 0
202252 0
14189 0
152648 0
52556 0
5065 0
156672 0
27904 0
29389 0
12065 0
56060 0
218040 0
2578 0
147966 0
40472 0
195792 0
23650 0
2261 0
128365 0
16728 0
0 0
18708 0
11171 0
30366 0
88795 0
59169 0
72260 0
0 0
0 0
0 0
2217 0
27224 0
61311 0
13357 0
69 0
0 0
1161 0
27677 0
122590 0
92920 0
13830 0
3296 0
28504 0
26190 0
3461 0
93697 0
174113 0
77862 0
2040 0
155246 0
123939 0
22084 0
68340 0
17544 0
28896 0
165924 0
119727 0
4281 0
21253 0
50623 0
21044 0
69295 0
16244 0
19706 0
0 0
12148 0
13488 0
120965 0
4832 0
453 0
5683 0
0 0
39895 0
0 0
31531 0
29437 0
18988 0
182524 0
30615 0
30928 0
0 0
4052 0
77899 0
94254 0
22582 0
124544 0
115322 0
0 0
17276 0
34893 0
2008 0
34440 0
5805 0
142428 0
23586 0
0 0
10375 0
18968 0
79336 0
117712 0
21060 0
92478 0
115415 0
81673 0
575 0
21527 0
12580 0
57464 0
35285 0
79623 0
94431 0
27852 0
0 0
100989 0
26502 0
29974 0
0 0
0 0
84221 0
14339 0
23096 0
0 0
31645 0
117880 0
11264 0
122097 0
34902 0
29466 0
9723 0
15069 0
177965 0
0 0
76612 0
97468 0
16818 0
1568 0
117192 0
8200 0
34686 0
43251 0
153951 0
54692 0
29 0
8417 0
91758 0
58197 0
108381 0
0 0
74172 0
106819 0
25616 0
7747 0
94087 0
54084 0
21358 0
21921 0
101069 0
0 0
89944 0
80156 0
52557 0
0 0
0 0
3098 0
181533 0
28326 0
58792 0
0 0
23744 0
24498 0
31900 0
1139 0
30620 0
75444 0
100102 0
9448 0
52670 0
63907 0
0 0
89609 0
6977 0
0 0
152535 0
65298 0
31707 0
42563 0
39909 0
6108 0
4731 0
11306 0
20595 0
89442 0
8515 0
72410 0
27860 0
14451 0
31503 0
27256 0
5370 0
30224 0
38268 0
12864 0
10202 0
0 0
77329 0
83428 0
57702 0
37793 0
29090 0
38706 0
59427 0
0 0
62681 0
10575 0
38741 0
29866 0
79363 0
41194 0
42626 0
203283 0
12241 0
30013 0
0 0
0 0
0 0
0 0
64295 0
29816 0
7077 0
1476 0
3912 0
63896 0
0 0
76145 0
2914 0
32600 0
1079 0
23488 0
130040 0
62669 0
51410 0
0 0
0 0
23693 0
0 0
0 0
10460 0
0 0
25752 0
0 0
56428 0
0 0
9930 0
5221 0
15159 0
44551 0
93368 0
45236 0
45623 0
53068 0
10852 0
3630 0
43545 0
0 0
13249 0
99780 0
56076 0
0 0
28587 0
10573 0
0 0
105077 0
89378 0
86729 0
32282 0
85477 0
17504 0
96077 0
91864 0
21524 0
10660 0
0 0
0 0
44839 0
18092 0
29564 0
79900 0
47187 0
20646 0
50580 0
2805 0
52492 0
26333 0
35970 0
33328 0
31476 0
28996 0
30804 0
57299 0
11577 0
909 0
9250 0
20984 0
19439 0
89036 0
12645 0
63393 0
140964 0
20583 0
0 0
41266 0
0 0
186655 0
41859 0
35480 0
49798 0
287 0
0 0
21032 0
0 0
91568 0
63208 0
97085 0
22854 0
74711 0
19832 0
24072 0
152276 0
27998 0
10480 0
63380 0
37639 0
19779 0
42378 0
0 0
173025 0
153304 0
22539 0
49659 0
49382 0
48324 0
65359 0
0 0
80985 0
14272 0
0 0
0 0
56320 0
0 0
12893 0
27418 0
7455 0
10500 0
37584 0
0 0
44984 0
85752 0
106314 0
29825 0
42388 0
0 0
62206 0
16432 0
0 0
28564 0
28365 0
155715 0
13112 0
2803 0
36712 0
89636 0
0 0
12282 0
93474 0
0 0
50196 0
36288 0
38366 0
21543 0
20887 0
0 0
94721 0
19867 0
1826 0
125583 0
26560 0
13054 0
0 0
87766 0
66666 0
80756 0
74325 0
4621 0
86361 0
18583 0
79837 0
0 0
96524 0
0 0
31155 0
14247 0
33827 0
7390 0
57449 0
0 0
0 0
16481 0
10484 0
89465 0
17194 0
12253 0
115013 0
76169 0
0 0
61640 0
36222 0
70533 0
14972 0
31219 0
32252 0
54692 0
49505 0
5113 0
66777 0
53712 0
64675 0
39157 0
60884 0
178909 0
0 0
5069 0
18421 0
40053 0
8108 0
13876 0
25317 0
48385 0
7412 0
1621 0
45816 0
161182 0
9780 0
10694 0
71182 0
52068 0
24241 0
4154 0
91582 0
93529 0
68486 0
114925 0
84043 0
54360 0
80652 0
0 0
0 0
86403 0
85340 0
0 0
6096 0
13335 0
0 0
36109 0
96300 0
46003 0
89990 0
4156 0
7425 0
35968 0
0 0
158863 0
1325 0
0 0
66039 0
3649 0
12797 0
17616 0
0 0
0 0
0 0
174899 0
114089 0
12786 0
0 0
0 0
164198 0
25578 0
76647 0
52478 0
114285 0
161188 0
15154 0
33730 0
30050 0
8976 0
37483 0
75178 0
173716 0
9468 0
0 0
0 0
18019 0
40474 0
63810 0
19838 0
0 0
44871 0
21650 0
55875 0
26295 0
83865 0
186840 0
103684 0
193581 0
4582 0
96543 0
0 0
1008 0
71687 0
9098 0
114536 0
38272 0
144932 0
145814 0
24089 0
0 0
88871 0
0 0
101333 0
80261 0
0 0
20200 0
89029 0
0 0
74416 0
126495 0
0 0
46 0
0 0
10106 0
62076 0
2263 0
29284 0
119077 0
21675 0
1890 0
91145 0
146522 0
46114 0
12575 0
2598 0
41995 0
25165 0
35064 0
34208 0
11857 0
58549 0
28257 0
96614 0
9866 0
54215 0
0 0
2568 0
68684 0
7479 0
0 0
13783 0
168300 0
4592 0
130355 0
36144 0
159696 0
0 0
30565 0
32952 0
6954 0
4016 0
0 0
0 0
156961 0
166549 0
3659 0
178236 0
8494 0
107404 0
26966 0
9350 0
91195 0
55047 0
7834 0
0 0
56400 0
21667 0
25818 0
9082 0
49115 0
42114 0
17870 0
0 0
50682 0
0 0
3339 0
23695 0
79416 0
62 0
26787 0
0 0
58192 0
14547 0
31838 0
15195 0
24492 0
81937 0
8988 0
69500 0
95876 0
24563 0
111864 0
29175 0
152832 0
11780 0
2535 0
93498 0
2545 0
18495 0
262 0
28064 0
21432 0
0 0
0 0
27159 0
29769 0
128967 0
24320 0
38147 0
2383 0
30534 0
27522 0
17613 0
5226 0
55391 0
95346 0
48092 0
15243 0
29176 0
144982 0
31267 0
25597 0
159655 0
1872 0
7920 0
34020 0
31710 0
134562 0
920 0
2412 0
153400 0
0 0
86354 0
124669 0
57954 0
21800 0
14872 0
50558 0
17646 0
60020 0
567 0
19041 0
9328 0
7722 0
0 0
2211 0
133395 0
17952 0
6425 0
41994 0
0 0
54683 0
54098 0
31470 0
15659 0
16506 0
52881 0
30900 0
11630 0
120263 0
3894 0
80360 0
66202 0
69211 0
0 0
31641 0
0 0
43672 0
0 0
0 0
34158 0
15615 0
70379 0
18969 0
89131 0
73845 0
119603 0
48858 0
0 0
0 0
51967 0
69390 0
0 0
0 0
32967 0
0 0
16241 0
1152 0
1950 0
58382 0
814 0
0 0
6889 0
22776 0
42335 0
9268 0
49111 0
61221 0
134501 0
0 0
0 0
24641 0
133272 0
0 0
19981 0
26396 0
32438 0
42082 0
14070 0
63764 0
3340 0
49033 0
13789 0
15839 0
89873 0
0 0
79554 0
73044 0
11467 0
10672 0
23867 0
36394 0
32961 0
0 0
21060 0
19837 0
0 0
732 0
85333 0
40938 0
111816 0
63237 0
0 0
18650 0
53090 0
11421 0
171259 0
22777 0
20787 0
61058 0
29987 0
86315 0
52171 0
8673 0
0 0
46940 0
0 0
110568 0
3472 0
14962 0
0 0
0 0
16680 0
63055 0
223 0
31046 0
90796 0
29910 0
0 0
26246 0
28355 0
56693 0
23403 0
32454 0
62066 0
7490 0
0 0
26187 0
0 0
0 0
14266 0
7952 0
63314 0
77644 0
30800 0
209026 0
204 0
0 0
23765 0
0 0
150622 0
0 0
13378 0
14556 0
0 0
4694 0
31766 0
2896 0
102908 0
0 0
121327 0
5728 0
35558 0
186578 0
0 0
0 0
0 0
22341 0
27985 0
0 0
9987 0
84937 0
35830 0
0 0
29468 0
39641 0
42017 0
48305 0
8762 0
81905 0
159867 0
56179 0
15936 0
19653 0
2268 0
22523 0
11955 0
4522 0
6590 0
39634 0
33896 0
65048 0
24593 0
22363 0
57259 0
83703 0
0 0
43780 0
107696 0
53770 0
92640 0
32108 0
0 0
96996 0
0 0
0 0
102293 0
461 0
32796 0
19146 0
3716 0
20127 0
39020 0
117548 0
23930 0
11034 0
0 0
0 0
27244 0
109815 0
95288 0
43633 0
46067 0
2926 0
25627 0
40289 0
22968 0
2835 0
69464 0
24247 0
38200 0
0 0
73565 0
0 0
23810 0
0 0
0 0
40310 0
15219 0
19173 0
48686 0
73452 0
0 0
70627 0
103444 0
10296 0
42935 0
116462 0
19878 0
25338 0
0 0
79335 0
113888 0
17463 0
1614 0
0 0
25233 0
0 0
80890 0
4755 0
17633 0
53194 0
126198 0
19826 0
107599 0
0 0
14900 0
13329 0
15674 0
178703 0
31607 0
30672 0
25566 0
17112 0
14420 0
142033 0
153112 0
0 0
0 0
79970 0
0 0
97015 0
70060 0
22137 0
0 0
0 0
2856 0
34961 0
46300 0
21503 0
12940 0
0 0
63831 0
19419 0
0 0
171627 0
0 0
7724 0
0 0
0 0
57860 0
59178 0
34212 0
63931 0
1694 0
2134 0
0 0
15029 0
9300 0
0 0
112568 0
0 0
125952 0
58655 0
143468 0
103803 0
167131 0
108908 0
58144 0
4623 0
0 0
22654 0
17348 0
5351 0
24741 0
24855 0
53094 0
60097 0
78884 0
0 0
39132 0
0 0
30057 0
83243 0
0 0
39332 0
22152 0
187512 0
21617 0
0 0
0 0
30060 0
72 0
54961 0
10754 0
0 0
109348 0
28556 0
26671 0
64104 0
0 0
58779 0
89608 0
29583 0
96000 0
37965 0
44787 0
29148 0
31474 0
10823 0
23550 0
0 0
5972 0
11625 0
9077 0
42200 0
14 0
13896 0
3715 0
19711 0
676 0
16689 0
0 0
0 0
0 0
64430 0
142159 0
6507 0
53164 0
17722 0
25027 0
177542 0
27238 0
63037 0
134470 0
70231 0
134966 0
21191 0
69125 0
51752 0
27756 0
9809 0
11239 0
113640 0
29326 0
0 0
40120 0
22517 0
29692 0
118280 0
0 0
110987 0
21206 0
46143 0
16616 0
0 0
3231 0
108178 0
22910 0
25261 0
31011 0
507 0
30953 0
51873 0
45538 0
13394 0
41475 0
15322 0
28731 0
9603 0
0 0
76749 0
0 0
0 0
59061 0
18633 0
8636 0
60500 0
31141 0
45851 0
0 0
0 0
135353 0
22340 0
140396 0
35598 0
1182 0
0 0
45264 0
82358 0
29790 0
30194 0
0 0
17270 0
10296 0
0 0
4492 0
0 0
58630 0
41728 0
0 0
2994 0
86633 0
0 0
2802 0
20139 0
7818 0
75358 0
98870 0
160212 0
30495 0
18369 0
17040 0
30700 0
72829 0
24402 0
23166 0
10928 0
33724 0
8530 0
86554 0
3232 0
0 0
96568 0
57139 0
0 0
78666 0
21778 0
217 0
45786 0
108204 0
9168 0
0 0
0 0
30966 0
45450 0
52020 0
19390 0
88226 0
22908 0
110512 0
0 0
31756 0
27832 0
27079 0
15114 0
0 0
111939 0
87183 0
37302 0
663 0
93549 0
0 0
18536 0
68739 0
27930 0
13779 0
32518 0
6242 0
105424 0
17299 0
20975 0
79817 0
12138 0
44 0
5824 0
21279 0
0 0
7188 0
117739 0
54546 0
165017 0
7926 0
31420 0
31260 0
0 0
0 0
0 0
5523 0
30362 0
23990 0
32866 0
35402 0
58692 0
7726 0
68931 0
2098 0
119406 0
0 0
72911 0
0 0
59014 0
6580 0
21566 0
26790 0
99141 0
51402 0
3972 0
14748 0
46963 0
0 0
6695 0
0 0
71920 0
35494 0
73942 0
22305 0
14710 0
81129 0
5540 0
63945 0
110191 0
134105 0
30411 0
29758 0
5337 0
153920 0
5154 0
21200 0
193502 0
33354 0
65051 0
76818 0
55937 0
0 0
75395 0
58112 0
21868 0
0 0
0 0
28189 0
36897 0
3456 0
0 0
31897 0
130905 0
0 0
23402 0
0 0
179080 0
6580 0
61114 0
3474 0
26538 0
28872 0
17324 0
100607 0
29072 0
189142 0
95380 0
36249 0
90786 0
163828 0
0 0
42734 0
63228 0
36253 0
0 0
57556 0
106586 0
30321 0
76726 0
0 0
34304 0
0 0
25558 0
24494 0
74009 0
17796 0
0 0
14251 0
21556 0
151564 0
108908 0
8578 0
21607 0
0 0
36186 0
11906 0
0 0
9432 0
7399 0
2289 0
0 0
24305 0
168910 0
0 0
58524 0
0 0
37425 0
41356 0
51876 0
0 0
136035 0
106414 0
68583 0
25291 0
92895 0
44611 0
173799 0
0 0
56510 0
175320 0
0 0
7094 0
1065 0
86879 0
52696 0
20094 0
65608 0
5200 0
27480 0
35274 0
20823 0
179004 0
53413 0
30792 0
10406 0
35242 0
35077 0
45736 0
60135 0
30242 0
4916 0
27213 0
38250 0
0 0
28233 0
218827 0
7601 0
7979 0
5938 0
73007 0
23200 0
34779 0
26295 0
27429 0
61680 0
11473 0
12980 0
0 0
0 0
19333 0
0 0
35406 0
14685 0
21122 0
115863 0
56805 0
7212 0
81009 0
158469 0
36695 0
109389 0
99530 0
134133 0
43448 0
18348 0
5924 0
0 0
64741 0
0 0
42135 0
24060 0
69135 0
0 0
0 0
55590 0
37114 0
0 0
98624 0
3120 0
124655 0
0 0
41687 0
19231 0
90550 0
0 0
49202 0
116 0
104401 0
158928 0
37461 0
120635 0
11068 0
59744 0
164621 0
9460 0
10981 0
45515 0
23788 0
111222 0
6372 0
5288 0
29678 0
6649 0
52337 0
25132 0
77281 0
0 0
0 0
35658 0
14689 0
106214 0
17938 0
143349 0
39500 0
172080 0
59553 0
54081 0
121960 0
19472 0
20386 0
0 0
0 0
74580 0
998 0
14013 0
126697 0
2015 0
135084 0
19236 0
883 0
60481 0
20758 0
16000 0
70662 0
82831 0
59530 0
49666 0
33303 0
0 0
73480 0
0 0
78922 0
29999 0
29720 0
4386 0
0 0
99606 0
28098 0
28896 0
0 0
21972 0
73621 0
28683 0
14290 0
60720 0
0 0
19703 0
0 0
102528 0
3657 0
0 0
21323 0
24899 0
77627 0
41199 0
36442 0
126972 0
63710 0
40426 0
6737 0
13002 0
63358 0
14478 0
0 0
0 0
0 0
143562 0
27628 0
54929 0
17860 0
8296 0
0 0
4860 0
79484 0
0 0
83026 0
36795 0
95936 0
0 0
0 0
3569 0
162896 0
43690 0
0 0
0 0
70635 0
104 0
0 0
34710 0
52414 0
22884 0
14034 0
10281 0
0 0
12189 0
0 0
23455 0
50955 0
3048 0
82410 0
45285 0
107242 0
44033 0
9740 0
90490 0
0 0
83588 0
30258 0
40832 0
153074 0
24143 0
64998 0
5904 0
0 0
137808 0
143975 0
9 0
53415 0
67632 0
23440 0
0 0
0 0
0 0
59666 0
3826 0
0 0
101745 0
0 0
0 0
7532 0
20852 0
27570 0
121126 0
40109 0
63771 0
22856 0
4676 0
74103 0
0 0
23488 0
33625 0
1012 0
53910 0
101666 0
1345 0
0 0
0 0
106446 0
51286 0
38809 0
16157 0
96011 0
127137 0
2337 0
132622 0
154077 0
10573 0
0 0
13509 0
156845 0
4212 0
176008 0
21028 0
178669 0
0 0
0 0
88575 0
0 0
128520 0
173205 0
74818 0
31080 0
104052 0
8596 0
0 0
0 0
136587 0
64284 0
61632 0
19684 0
56032 0
143278 0
13792 0
24665 0
19957 0
24004 0
33724 0
0 0
33375 0
45644 0
0 0
34415 0
0 0
20184 0
58758 0
0 0
26875 0
0 0
152294 0
17724 0
0 0
0 0
23808 0
113973 0
3474 0
0 0
16466 0
5678 0
27456 0
1919 0
58754 0
52604 0
109830 0
41452 0
65501 0
7544 0
39358 0
18990 0
0 0
16508 0
10933 0
33732 0
0 0
25756 0
54517 0
26538 0
24104 0
0 0
0 0
34380 0
22100 0
79821 0
29226 0
104770 0
13410 0
133098 0
16744 0
147755 0
2863 0
30630 0
11308 0
26697 0
28738 0
0 0
92546 0
145133 0
2065 0
29777 0
26247 0
145449 0
36195 0
0 0
23065 0
162078 0
128737 0
0 0
65210 0
4900 0
0 0
0 0
90923 0
143397 0
18579 0
42483 0
0 0
0 0
6014 0
70225 0
30520 0
166246 0
637 0
72100 0
0 0
156486 0
4230 0
1148 0
77432 0
0 0
0 0
143242 0
12273 0
5414 0
0 0
0 0
0 0
24576 0
16955 0
15969 0
43832 0
4487 0
10683 0
57096 0
176438 0
0 0
37526 0
76394 0
18673 0
75887 0
16144 0
53595 0
0 0
16544 0
0 0
23977 0
65808 0
91903 0
25623 0
4017 0
2983 0
4604 0
20643 0
73984 0
0 0
0 0
101922 0
0 0
47083 0
112728 0
0 0
0 0
30912 0
34863 0
29599 0
34378 0
0 0
5634 0
0 0
70032 0
38150 0
4242 0
13484 0
0 0
0 0
107619 0
0 0
47208 0
94190 0
23764 0
10903 0
39978 0
50556 0
11637 0
0 0
492 0
27885 0
74986 0
0 0
31630 0
48931 0
0 0
6280 0
67047 0
0 0
90996 0
46451 0
110442 0
22013 0
18481 0
0 0
16300 0
38202 0
177049 0
4214 0
23253 0
44040 0
90980 0
29790 0
33282 0
28707 0
76023 0
24996 0
96988 0
27504 0
62638 0
55844 0
207483 0
20124 0
60624 0
21243 0
72781 0
94090 0
71503 0
107606 0
9339 0
3127 0
172106 0
10181 0
30 0
61542 0
26921 0
27592 0
25486 0
28005 0
18686 0
0 0
0 0
168906 0
38878 0
945 0
34360 0
40948 0
0 0
2292 0
5704 0
17481 0
40988 0
146248 0
7658 0
17625 0
32589 0
83018 0
101040 0
4409 0
120660 0
27222 0
55750 0
58605 0
0 0
19036 0
3079 0
52701 0
58458 0
18994 0
110221 0
0 0
97672 0
122448 0
102331 0
6999 0
992 0
11678 0
9768 0
0 0
54669 0
76048 0
0 0
36695 0
27864 0
83020 0
41313 0
166073 0
21434 0
25476 0
41575 0
99356 0
11923 0
51885 0
1804 0
48263 0
21656 0
0 0
0 0
106694 0
47649 0
24946 0
0 0
12099 0
61001 0
0 0
47778 0
0 0
56334 0
19365 0
106558 0
57334 0
22122 0
21834 0
73413 0
27619 0
104230 0
0 0
136711 0
0 0
18168 0
0 0
0 0
0 0
0 0
22818 0
41680 0
8086 0
90374 0
0 0
0 0
15765 0
8699 0
77379 0
2406 0
0 0
161735 0
70435 0
29017 0
55468 0
7080 0
54766 0
25524 0
9244 0
109984 0
19176 0
0 0
5794 0
3076 0
246 0
106056 0
97436 0
14963 0
5834 0
98770 0
14140 0
7047 0
0 0
12460 0
143210 0
36306 0
67444 0
0 0
108927 0
20246 0
74573 0
83043 0
3924 0
0 0
48240 0
40145 0
5590 0
0 0
11489 0
60818 0
63714 0
8714 0
70599 0
13143 0
132494 0
24220 0
28836 0
49799 0
136034 0
42793 0
0 0
14277 0
8346 0
8656 0
47303 0
9780 0
43596 0
94223 0
0 0
40886 0
50918 0
58662 0
0 0
0 0
107009 0
98698 0
85110 0
47054 0
22941 0
6473 0
27547 0
66306 0
0 0
0 0
13658 0
0 0
103860 0
25226 0
48729 0
55816 0
13068 0
0 0
142994 0
6171 0
23202 0
10293 0
134376 0
46004 0
14056 0
9890 0
0 0
3183 0
98463 0
36092 0
130848 0
0 0
0 0
25388 0
29592 0
18794 0
12536 0
0 0
0 0
21057 0
0 0
0 0
20558 0
11369 0
88984 0
6848 0
176369 0
50791 0
25800 0
34611 0
0 0
1759 0
9603 0
59710 0
22776 0
81708 0
7355 0
22807 0
14920 0
10703 0
0 0
6752 0
49879 0
4975 0
160761 0
0 0
5375 0
33284 0
3072 0
10374 0
50492 0
91725 0
15885 0
0 0
82414 0
9796 0
0 0
112488 0
161457 0
34381 0
61726 0
187506 0
29464 0
20686 0
2472 0
65044 0
0 0
0 0
206025 0
9604 0
0 0
29973 0
11422 0
0 0
106474 0
11710 0
80880 0
53341 0
75947 0
63648 0
145161 0
117646 0
41837 0
21079 0
36143 0
0 0
30446 0
5436 0
31819 0
2394 0
15742 0
0 0
42718 0
66796 0
0 0
8604 0
112036 0
91220 0
0 0
0 0
20897 0
28423 0
6415 0
74865 0
0 0
118739 0
46643 0
133477 0
4680 0
52996 0
104374 0
88399 0
58889 0
66620 0
19416 0
25238 0
0 0
113490 0
82792 0
53612 0
31505 0
28016 0
0 0
1068 0
0 0
43109 0
53212 0
58076 0
0 0
16384 0
7056 0
52888 0
0 0
26693 0
18444 0
31279 0
41612 0
0 0
19500 0
48736 0
0 0
22782 0
56355 0
0 0
195189 0
82308 0
2193 0
2238 0
32298 0
14595 0
437 0
6243 0
36226 0
64538 0
74173 0
0 0
56700 0
1497 0
88701 0
92887 0
10968 0
52927 0
76430 0
87841 0
38880 0
0 0
21650 0
25630 0
65196 0
31845 0
16150 0
6277 0
47301 0
0 0
26146 0
10862 0
83037 0
9756 0
18340 0
24149 0
27187 0
56853 0
51129 0
65245 0
13999 0
22886 0
49762 0
70730 0
44129 0
29940 0
105866 0
17748 0
154067 0
68984 0
12090 0
23666 0
88182 0
0 0
25239 0
1035 0
18690 0
2368 0
69732 0
199646 0
31480 0
75376 0
0 0
26488 0
72480 0
0 0
27789 0
0 0
78819 0
16688 0
142896 0
1918 0
52589 0
40438 0
34866 0
86500 0
54222 0
0 0
16671 0
21421 0
0 0
24452 0
11550 0
69554 0
45228 0
72223 0
32490 0
0 0
0 0
18549 0
0 0
31015 0
30781 0
0 0
55927 0
53696 0
57272 0
0 0
83562 0
4897 0
51424 0
0 0
39933 0
134519 0
27837 0
14881 0
94383 0
122147 0
31515 0
157994 0
0 0
39466 0
0 0
39422 0
5132 0
48832 0
136100 0
0 0
0 0
33143 0
7020 0
736 0
0 0
78248 0
25167 0
0 0
28976 0
9957 0
66392 0
52620 0
36196 0
70851 0
6135 0
1616 0
68457 0
20150 0
27057 0
2858 0
0 0
34494 0
104505 0
30193 0
5633 0
56083 0
3920 0
152467 0
58117 0
23042 0
40068 0
0 0
53144 0
28692 0
23236 0
134821 0
29274 0
9720 0
104334 0
72833 0
74475 0
73556 0
3481 0
32338 0
89673 0
38416 0
32827 0
59154 0
60480 0
41398 0
35264 0
34145 0
65159 0
6606 0
23995 0
0 0
84282 0
89815 0
21574 0
0 0
23370 0
32491 0
0 0
48646 0
0 0
0 0
16800 0
80372 0
11264 0
769 0
36774 0
39367 0
16096 0
40735 0
16446 0
93984 0
2556 0
57648 0
0 0
1436 0
28094 0
126550 0
0 0
48218 0
84287 0
50966 0
31398 0
31813 0
29576 0
19534 0
138493 0
0 0
0 0
59772 0
0 0
3700 0
161388 0
93872 0
20462 0
135991 0
13594 0
96324 0
24125 0
22656 0
10693 0
72220 0
9426 0
49212 0
73749 0
37041 0
0 0
131882 0
0 0
17351 0
24850 0
55737 0
139404 0
4167 0
52317 0
16061 0
5488 0
5464 0
133278 0
58190 0
8351 0
61293 0
43351 0
0 0
75746 0
86402 0
0 0
8181 0
24695 0
6159 0
23694 0
21764 0
57233 0
113935 0
63503 0
57980 0
55825 0
47617 0
23842 0
100508 0
46244 0
47718 0
114169 0
132085 0
84411 0
113528 0
85894 0
114908 0
14425 0
37520 0
0 0
10151 0
17275 0
55370 0
93647 0
0 0
0 0
31955 0
0 0
92743 0
78857 0
25132 0
78585 0
64342 0
22928 0
0 0
72057 0
20563 0
53831 0
75150 0
43090 0
31312 0
0 0
62417 0
12959 0
97159 0
154103 0
4312 0
90553 0
13707 0
13132 0
50548 0
97535 0
82647 0
13988 0
17641 0
0 0
12716 0
28332 0
52791 0
8980 0
66104 0
10471 0
60933 0
0 0
0 0
27337 0
195976 0
35160 0
74581 0
67815 0
0 0
63891 0
0 0
0 0
5703 0
11084 0
127284 0
133068 0
9551 0
0 0
12716 0
0 0
105739 0
67550 0
111072 0
226 0
177111 0
42934 0
8148 0
44588 0
103702 0
136800 0
51580 0
27985 0
63846 0
66293 0
108089 0
38102 0
2284 0
93989 0
10204 0
14806 0
9422 0
3932 0
118626 0
56238 0
57839 0
11386 0
1644 0
175335 0
11248 0
36043 0
0 0
6932 0
135002 0
27565 0
126076 0
42932 0
89479 0
62994 0
0 0
14872 0
18082 0
2656 0
0 0
32567 0
124847 0
46872 0
17272 0
0 0
42521 0
112498 0
2894 0
21714 0
103539 0
59799 0
128264 0
12044 0
25089 0
1580 0
0 0
123858 0
43392 0
2388 0
73335 0
719 0
93587 0
15188 0
51555 0
103753 0
79947 0
26498 0
234 0
29685 0
12919 0
5996 0
32441 0
69455 0
56630 0
0 0
118406 0
77571 0
31649 0
67588 0
94736 0
0 0
21987 0
13794 0
2682 0
36570 0
25836 0
6721 0
92600 0
7610 0
221879 0
0 0
0 0
35181 0
21876 0
69598 0
0 0
113256 0
88664 0
119652 0
10332 0
33131 0
0 0
149619 0
6490 0
117433 0
17799 0
1156 0
36384 0
15333 0
2013 0
28211 0
61722 0
56956 0
52746 0
0 0
35500 0
52923 0
0 0
0 0
129471 0
131074 0
5407 0
91959 0
0 0
16587 0
63166 0
12518 0
30545 0
38679 0
10106 0
0 0
52560 0
41145 0
13624 0
0 0
264 0
14120 0
94992 0
33276 0
67417 0
106456 0
15430 0
114166 0
8721 0
0 0
25374 0
0 0
90886 0
91446 0
40083 0
80925 0
0 0
1158 0
109115 0
62675 0
19825 0
0 0
80054 0
6373 0
16399 0
77522 0
47372 0
0 0
110336 0
156413 0
94174 0
4704 0
12658 0
42219 0
32208 0
35373 0
82286 0
105574 0
64298 0
0 0
72345 0
15234 0
6301 0
20181 0
80670 0
204217 0
154239 0
40476 0
63201 0
59373 0
49543 0
34778 0
0 0
43902 0
126534 0
145958 0
108988 0
80996 0
1445 0
12517 0
0 0
17774 0
8332 0
2227 0
166575 0
53569 0
0 0
1310 0
164380 0
84130 0
55328 0
16550 0
39785 0
0 0
0 0
52731 0
56479 0
30238 0
0 0
0 0
21068 0
17917 0
66588 0
0 0
26970 0
41288 0
18010 0
27114 0
0 0
18150 0
12499 0
0 0
139125 0
67196 0
80483 0
78106 0
25448 0
143620 0
1990 0
0 0
16750 0
64239 0
0 0
6241 0
3700 0
5098 0
40590 0
52177 0
23724 0
24388 0
23604 0
0 0
10793 0
56637 0
25976 0
24789 0
15649 0
0 0
30824 0
143642 0
19633 0
66711 0
1497 0
28930 0
14998 0
360 0
74655 0
69726 0
74224 0
18566 0
0 0
0 0
29507 0
0 0
34869 0
0 0
184702 0
124 0
34748 0
25931 0
0 0
121092 0
81497 0
0 0
30701 0
19326 0
24409 0
54412 0
0 0
114126 0
0 0
99414 0
16976 0
146703 0
81027 0
613 0
67650 0
20439 0
0 0
64420 0
64164 0
171192 0
34789 0
15255 0
139548 0
24398 0
12039 0
0 0
0 0
6406 0
508 0
78002 0
8834 0
5572 0
98 0
12046 0
27458 0
0 0
0 0
82674 0
115680 0
21411 0
62514 0
0 0
59425 0
7155 0
19087 0
31998 0
13114 0
0 0
173982 0
28879 0
0 0
59956 0
46564 0
1588 0
15912 0
0 0
24964 0
88248 0
0 0
5626 0
15383 0
0 0
73204 0
11174 0
0 0
132674 0
30988 0
41495 0
58279 0
0 0
21453 0
0 0
88969 0
8072 0
93554 0
13056 0
27675 0
40859 0
0 0
0 0
32746 0
17125 0
102573 0
0 0
46746 0
0 0
59416 0
153419 0
0 0
0 0
8947 0
16054 0
36250 0
109584 0
158016 0
13707 0
80694 0
596 0
24130 0
93480 0
84369 0
147838 0
108176 0
5258 0
5624 0
4876 0
121244 0
47688 0
39431 0
169769 0
14543 0
17649 0
11514 0
40970 0
10561 0
49707 0
6371 0
18100 0
18102 0
0 0
6950 0
21789 0
0 0
18597 0
135665 0
0 0
14092 0
13900 0
16305 0
21092 0
54016 0
44696 0
29700 0
8826 0
39903 0
95449 0
0 0
119229 0
0 0
18413 0
26192 0
34978 0
56097 0
111173 0
0 0
0 0
45884 0
77800 0
21275 0
41668 0
88506 0
32820 0
123348 0
169452 0
85967 0
0 0
80578 0
150408 0
0 0
13476 0
0 0
15282 0
49791 0
83716 0
45118 0
58416 0
32368 0
14074 0
0 0
7552 0
0 0
28810 0
20218 0
105578 0
0 0
0 0
5023 0
0 0
50795 0
0 0
33330 0
30236 0
12558 0
4700 0
14284 0
1099 0
0 0
85361 0
14621 0
58696 0
48761 0
41794 0
32301 0
107635 0
41364 0
310 0
5989 0
0 0
21602 0
23885 0
156925 0
168973 0
39138 0
0 0
130933 0
20355 0
29038 0
74067 0
8877 0
6270 0
43980 0
3511 0
16167 0
51340 0
152690 0
51743 0
0 0
1350 0
79459 0
8335 0
24124 0
24315 0
0 0
24365 0
0 0
0 0
23372 0
78710 0
151874 0
37379 0
71391 0
69194 0
63126 0
24940 0
47235 0
5255 0
544 0
0 0
13865 0
33674 0
0 0
6290 0
0 0
74515 0
19167 0
29815 0
147498 0
138200 0
7368 0
19211 0
0 0
72525 0
0 0
11159 0
4979 0
0 0
9780 0
35604 0
14200 0
92475 0
60162 0
33676 0
188495 0
36224 0
16818 0
0 0
0 0
65785 0
0 0
9113 0
3000 0
118896 0
8 0
627 0
33302 0
19108 0
0 0
43836 0
0 0
69468 0
102747 0
24012 0
57081 0
27198 0
158857 0
4676 0
26687 0
25149 0
1536 0
8699 0
2495 0
20784 0
30064 0
35459 0
63591 0
7770 0
4396 0
57720 0
45070 0
6111 0
63019 0
55654 0
88260 0
12807 0
117406 0
552 0
0 0
7842 0
15786 0
2454 0
54349 0
17561 0
21416 0
5517 0
8737 0
9076 0
0 0
3460 0
31579 0
88500 0
42954 0
148529 0
4872 0
33688 0
111552 0
82261 0
74013 0
64640 0
43969 0
24602 0
67320 0
49907 0
17428 0
60882 0
28340 0
19534 0
0 0
106117 0
42577 0
28916 0
0 0
51 0
23088 0
72705 0
2034 0
160377 0
13353 0
147979 0
10085 0
15880 0
57012 0
52929 0
0 0
14591 0
78183 0
25005 0
91723 0
24614 0
15349 0
89418 0
8648 0
43917 0
85525 0
120438 0
45152 0
102019 0
137509 0
64684 0
24346 0
40523 0
24495 0
58292 0
64518 0
38913 0
0 0
9824 0
11354 0
123925 0
7516 0
19092 0
0 0
0 0
38630 0
23762 0
90739 0
3268 0
26544 0
46206 0
0 0
99679 0
88291 0
3040 0
51090 0
10657 0
71610 0
134273 0
121632 0
58607 0
946 0
126498 0
17597 0
36868 0
12012 0
11777 0
45299 0
18662 0
32556 0
75688 0
12416 0
1303 0
71453 0
1860 0
32780 0
24892 0
1737 0
81977 0
30131 0
0 0
9333 0
77157 0
30973 0
1208 0
52642 0
0 0
0 0
8589 0
34836 0
15247 0
48857 0
57757 0
47178 0
0 0
28398 0
758 0
82518 0
3670 0
41125 0
60881 0
26623 0
0 0
169399 0
108889 0
34654 0
0 0
3546 0
12353 0
35682 0
66291 0
62056 0
24438 0
54423 0
5380 0
97702 0
48602 0
9153 0
2948 0
25037 0
88074 0
31047 0
93758 0
0 0
0 0
22485 0
44742 0
3993 0
14187 0
28282 0
0 0
10803 0
13594 0
0 0
83236 0
5576 0
0 0
49488 0
83778 0
43818 0
4549 0
29104 0
26974 0
76418 0
131532 0
71469 0
60567 0
22269 0
17992 0
25925 0
17097 0
0 0
3016 0
32641 0
107289 0
64416 0
4281 0
55041 0
3786 0
55667 0
0 0
29540 0
6157 0
11981 0
47532 0
168558 0
97737 0
11386 0
13319 0
103432 0
0 0
10910 0
0 0
15288 0
47940 0
151447 0
137756 0
5306 0
4652 0
23111 0
0 0
4888 0
0 0
0 0
13921 0
106098 0
156785 0
72477 0
6250 0
101550 0
50908 0
7862 0
24859 0
72960 0
25268 0
28060 0
42498 0
107521 0
0 0
19878 0
24986 0
53781 0
28764 0
0 0
14371 0
41756 0
0 0
55294 0
92853 0
124040 0
0 0
89272 0
75417 0
45770 0
66976 0
89878 0
13105 0
21024 0
1692 0
13646 0
13183 0
13987 0
10614 0
103720 0
3667 0
70218 0
18056 0
38900 0
117463 0
1246 0
96144 0
16339 0
126583 0
53312 0
1666 0
83779 0
133710 0
90458 0
52227 0
74214 0
44636 0
0 0
115990 0
59104 0
118836 0
74357 0
46232 0
53759 0
26603 0
185644 0
21492 0
6208 0
52750 0
59032 0
736 0
94640 0
4625 0
20594 0
22332 0
1793 0
131196 0
0 0
13480 0
3311 0
0 0
86703 0
87552 0
80331 0
101180 0
19603 0
0 0
0 0
40400 0
82084 0
2424 0
0 0
18827 0
0 0
21643 0
30905 0
100398 0
11232 0
131886 0
92926 0
44320 0
65658 0
106625 0
2212 0
10878 0
195420 0
8112 0
4358 0
53469 0
3034 0
38113 0
48227 0
100351 0
3996 0
142006 0
18443 0
11432 0
15891 0
31810 0
27684 0
5514 0
168163 0
55345 0
138872 0
118028 0
392 0
23661 0
70075 0
3876 0
22760 0
117873 0
71037 0
20396 0
21164 0
0 0
104122 0
10866 0
9068 0
64962 0
19122 0
58301 0
86763 0
77720 0
133584 0
125354 0
50546 0
0 0
20587 0
143813 0
26475 0
23144 0
49593 0
1917 0
44139 0
97123 0
0 0
916 0
1613 0
57615 0
3763 0
15523 0
116436 0
98080 0
0 0
27129 0
11493 0
71773 0
6789 0
75469 0
28303 0
147052 0
5756 0
3860 0
1834 0
3783 0
20585 0
28476 0
0 0
0 0
138812 0
7184 0
5842 0
42972 0
0 0
42947 0
7731 0
40418 0
97786 0
144023 0
57545 0
99491 0
25419 0
3952 0
58661 0
91515 0
21326 0
13346 0
0 0
66724 0
61282 0
141452 0
41745 0
146883 0
73398 0
13975 0
21488 0
53676 0
34368 0
35774 0
34434 0
5748 0
47530 0
1474 0
20086 0
45151 0
8424 0
50190 0
3215 0
0 0
119039 0
160 0
81799 0
82970 0
11213 0
74973 0
31458 0
38685 0
51774 0
83059 0
60937 0
0 0
620 0
19914 0
49359 0
72331 0
23128 0
118450 0
42148 0
132904 0
57624 0
44604 0
0 0
10064 0
917 0
70838 0
15774 0
0 0
0 0
59154 0
95121 0
9820 0
15499 0
156331 0
86654 0
4379 0
10293 0
581 0
40057 0
14970 0
20664 0
118038 0
34615 0
2002 0
65347 0
75828 0
0 0
0 0
147406 0
142800 0
17475 0
0 0
0 0
314 0
30645 0
19128 0
1895 0
107161 0
132622 0
95386 0
12300 0
4566 0
3671 0
88139 0
78302 0
29520 0
28632 0
33072 0
23550 0
56159 0
56400 0
17984 0
19834 0
34108 0
0 0
0 0
6412 0
7004 0
24012 0
7929 0
21518 0
39332 0
26841 0
0 0
34080 0
8362 0
0 0
967 0
12696 0
7818 0
43936 0
35214 0
20036 0
70020 0
22428 0
11945 0
58065 0
85330 0
45515 0
20021 0
14042 0
12846 0
54736 0
5776 0
47924 0
65452 0
0 0
57046 0
0 0
28856 0
20086 0
90417 0
62432 0
98422 0
0 0
19105 0
121984 0
0 0
115992 0
32073 0
55948 0
50691 0
124156 0
0 0
32973 0
113009 0
200534 0
106054 0
21010 0
59839 0
0 0
158016 0
39288 0
93616 0
76991 0
108520 0
10802 0
42775 0
23547 0
42507 0
0 0
0 0
108334 0
101964 0
16359 0
0 0
81001 0
28296 0
18829 0
0 0
57930 0
928 0
57797 0
19495 0
129 0
1836 0
0 0
59239 0
65226 0
31265 0
42962 0
49084 0
33916 0
89922 0
0 0
993 0
34186 0
42893 0
1548 0
0 0
0 0
1212 0
103904 0
36996 0
9719 0
56010 0
99503 0
136701 0
0 0
131178 0
36809 0
16314 0
14184 0
52272 0
93180 0
83641 0
0 0
75295 0
0 0
420 0
44539 0
74786 0
29629 0
60537 0
0 0
94788 0
8372 0
0 0
104849 0
0 0
19066 0
118979 0
29310 0
0 0
0 0
95334 0
104891 0
121941 0
1990 0
0 0
62 0
44290 0
40618 0
114162 0
11637 0
0 0
90054 0
31126 0
174980 0
53541 0
29672 0
44470 0
46023 0
56373 0
75681 0
33501 0
0 0
113678 0
78503 0
0 0
16934 0
0 0
74217 0
12584 0
8300 0
22681 0
5653 0
10825 0
113388 0
23187 0
110636 0
42242 0
69550 0
52938 0
14438 0
5749 0
84088 0
0 0
26346 0
149245 0
57602 0
17224 0
65210 0
0 0
135391 0
13000 0
18247 0
37035 0
52059 0
5284 0
106822 0
4908 0
88378 0
81654 0
64646 0
18838 0
104886 0
10567 0
7358 0
20319 0
100096 0
64440 0
2062 0
0 0
0 0
21623 0
79677 0
195091 0
12430 0
0 0
4018 0
82925 0
0 0
119027 0
143328 0
0 0
71989 0
42048 0
16744 0
0 0
11528 0
25691 0
0 0
22673 0
26584 0
126951 0
0 0
3861 0
0 0
96047 0
3113 0
6136 0
19636 0
10868 0
3390 0
8219 0
33687 0
44117 0
30864 0
20524 0
113952 0
105805 0
18862 0
21055 0
83577 0
2284 0
26795 0
2016 0
72791 0
256 0
6967 0
106957 0
81472 0
29026 0
0 0
34964 0
0 0
26519 0
45524 0
47520 0
76059 0
27539 0
0 0
0 0
46288 0
10328 0
30952 0
0 0
152458 0
85098 0
0 0
1597 0
0 0
19277 0
8740 0
12535 0
11329 0
6273 0
52456 0
0 0
111148 0
56564 0
0 0
0 0
0 0
0 0
0 0
0 0
5328 0
1774 0
0 0
129450 0
31818 0
0 0
22173 0
52718 0
98252 0
31371 0
72661 0
1710 0
0 0
30431 0
79732 0
138698 0
74885 0
57608 0
3870 0
35296 0
9347 0
0 0
0 0
410 0
3943 0
0 0
0 0
8977 0
1674 0
0 0
53743 0
0 0
0 0
76892 0
20302 0
21267 0
67775 0
0 0
20188 0
0 0
13940 0
134117 0
57384 0
27934 0
84011 0
149565 0
21649 0
63608 0
60606 0
134499 0
76626 0
27114 0
2751 0
35073 0
117075 0
77923 0
179200 0
32598 0
32703 0
15860 0
6779 0
12285 0
50898 0
22686 0
78177 0
36684 0
121820 0
24484 0
71710 0
2511 0
44127 0
11074 0
5514 0
0 0
62439 0
9709 0
0 0
10752 0
4004 0
57362 0
9668 0
45599 0
66018 0
12637 0
0 0
0 0
97196 0
0 0
16589 0
66756 0
24238 0
25398 0
43356 0
57309 0
0 0
0 0
141313 0
56244 0
39506 0
78670 0
1028 0
122163 0
63326 0
0 0
0 0
109412 0
56045 0
0 0
27090 0
0 0
1644 0
46821 0
0 0
23879 0
30631 0
44490 0
2070 0
0 0
27132 0
34510 0
0 0
14060 0
50495 0
134964 0
48002 0
2600 0
7359 0
41065 0
17996 0
15574 0
5432 0
69988 0
0 0
19973 0
123676 0
81056 0
27024 0
0 0
0 0
50435 0
16539 0
63704 0
64815 0
31163 0
3786 0
34420 0
0 0
13374 0
0 0
23282 0
0 0
8607 0
52809 0
0 0
22856 0
115529 0
17788 0
31757 0
138509 0
45252 0
20822 0
1878 0
27799 0
55560 0
19183 0
104231 0
29854 0
10551 0
31246 0
18628 0
95430 0
6702 0
35208 0
186874 0
29940 0
0 0
191490 0
31708 0
24895 0
41010 0
33182 0
126012 0
44881 0
104216 0
5952 0
17459 0
115382 0
2397 0
75126 0
76828 0
86347 0
82318 0
6230 0
3854 0
33145 0
42500 0
9170 0
116983 0
9825 0
26196 0
10228 0
27083 0
134292 0
5200 0
63731 0
4939 0
64655 0
0 0
98665 0
56591 0
90474 0
0 0
20444 0
30028 0
26580 0
8204 0
0 0
42114 0
22005 0
75952 0
104568 0
13142 0
93297 0
8668 0
1350 0
53137 0
62190 0
0 0
21296 0
105720 0
69772 0
0 0
20896 0
20670 0
22336 0
23073 0
54386 0
0 0
10027 0
76719 0
18076 0
3195 0
81334 0
21186 0
100822 0
19902 0
35939 0
0 0
59560 0
0 0
56548 0
67316 0
49420 0
122118 0
44892 0
41664 0
82432 0
64627 0
51286 0
0 0
130977 0
7537 0
204917 0
19746 0
41762 0
51951 0
107048 0
3570 0
27924 0
0 0
22805 0
31731 0
28618 0
2117 0
10035 0
25390 0
34189 0
76849 0
3019 0
12181 0
59509 0
142921 0
74503 0
62468 0
12388 0
0 0
29763 0
42508 0
34875 0
11933 0
119539 0
3538 0
128783 0
0 0
85056 0
29140 0
0 0
0 0
59940 0
77118 0
22967 0
10756 0
144978 0
1721 0
14903 0
34838 0
0 0
0 0
0 0
0 0
2626 0
42605 0
122553 0
25220 0
0 0
72260 0
25025 0
0 0
26307 0
25668 0
0 0
86698 0
40426 0
73997 0
0 0
52191 0
122198 0
91584 0
62476 0
57329 0
3652 0
11739 0
92623 0
34756 0
0 0
18214 0
10597 0
77898 0
71061 0
68727 0
121548 0
0 0
30530 0
424 0
68421 0
19092 0
42647 0
178668 0
0 0
68362 0
19346 0
49452 0
86584 0
3672 0
28667 0
54290 0
47308 0
0 0
44652 0
45205 0
76557 0
27080 0
75665 0
129042 0
0 0
34560 0
40388 0
42132 0
99182 0
66606 0
0 0
12302 0
12829 0
24242 0
171073 0
50984 0
12910 0
64922 0
170660 0
37272 0
0 0
0 0
91695 0
47674 0
48150 0
18889 0
2360 0
215452 0
0 0
13672 0
0 0
0 0
99308 0
7463 0
33265 0
134822 0
0 0
6738 0
33082 0
75922 0
1122 0
88136 0
97864 0
72579 0
44538 0
0 0
76866 0
51770 0
17833 0
0 0
117080 0
39377 0
41524 0
25828 0
139836 0
163803 0
95588 0
15127 0
46078 0
28337 0
0 0
12904 0
162619 0
210035 0
0 0
0 0
16314 0
20169 0
29979 0
0 0
93855 0
46867 0
61199 0
16060 0
72474 0
0 0
97200 0
3533 0
59500 0
46536 0
60044 0
13022 0
61238 0
50514 0
0 0
16440 0
83394 0
22722 0
88323 0
0 0
6921 0
0 0
13650 0
22501 0
85568 0
21770 0
55916 0
32386 0
8408 0
7169 0
0 0
33958 0
9835 0
0 0
9932 0
59645 0
27306 0
78408 0
62319 0
34495 0
43280 0
22671 0
12220 0
16192 0
0 0
0 0
54046 0
14144 0
110957 0
144808 0
95600 0
10793 0
57276 0
0 0
0 0
4771 0
67209 0
28210 0
0 0
0 0
62790 0
164308 0
70255 0
21879 0
0 0
122187 0
111968 0
5294 0
7987 0
1826 0
20738 0
36465 0
94452 0
0 0
0 0
44972 0
69429 0
22587 0
982 0
0 0
105356 0
20461 0
51645 0
3670 0
48951 0
42923 0
0 0
141269 0
89015 0
36537 0
85205 0
7370 0
36333 0
25826 0
12978 0
87784 0
56015 0
140440 0
9095 0
52524 0
79288 0
182926 0
20188 0
47494 0
46330 0
35374 0
1 0
7725 0
20316 0
28588 0
13718 0
93183 0
0 0
32193 0
17106 0
67776 0
0 0
45663 0
92948 0
98479 0
24819 0
24896 0
77147 0
40838 0
62835 0
50674 0
2320 0
0 0
19089 0
0 0
71214 0
35599 0
3224 0
31972 0
2812 0
16226 0
65637 0
96686 0
23763 0
12455 0
135446 0
0 0
17830 0
44249 0
0 0
0 0
35482 0
0 0
46794 0
30301 0
62720 0
0 0
0 0
62171 0
26061 0
35326 0
5624 0
55316 0
38112 0
19982 0
37614 0
0 0
0 0
180221 0
30797 0
60271 0
0 0
0 0
13398 0
0 0
8046 0
20904 0
123534 0
54189 0
67785 0
460 0
27000 0
51335 0
49922 0
154955 0
656 0
25724 0
13455 0
56854 0
30121 0
21951 0
79934 0
20778 0
18877 0
71620 0
137869 0
16941 0
5702 0
7858 0
52588 0
138018 0
66234 0
12870 0
24450 0
87483 0
25756 0
72696 0
9246 0
63577 0
48520 0
639 0
90280 0
9206 0
8023 0
12063 0
13920 0
7949 0
70044 0
177844 0
49452 0
10288 0
19564 0
39450 0
6143 0
30545 0
90984 0
26494 0
22911 0
70695 0
13403 0
696 0
0 0
447 0
20970 0
145659 0
44692 0
44916 0
332 0
129089 0
90960 0
0 0
16776 0
67386 0
8798 0
72032 0
4722 0
71965 0
126558 0
95876 0
0 0
114397 0
71322 0
409 0
15206 0
42426 0
0 0
81604 0
57079 0
54202 0
3858 0
58601 0
10226 0
128528 0
57804 0
51386 0
88050 0
30924 0
4661 0
16488 0
112765 0
53816 0
0 0
12962 0
1823 0
118874 0
11824 0
8622 0
109985 0
12519 0
64251 0
0 0
0 0
9888 0
14277 0
190979 0
4929 0
0 0
0 0
59052 0
48255 0
188573 0
26496 0
11961 0
198459 0
17034 0
0 0
0 0
3245 0
42380 0
25572 0
13500 0
9386 0
38948 0
57964 0
14683 0
1017 0
0 0
16695 0
2545 0
8025 0
74577 0
49387 0
4273 0
39856 0
23091 0
8415 0
131859 0
8279 0
159215 0
42391 0
93636 0
9154 0
30909 0
60439 0
21606 0
5364 0
123453 0
0 0
26058 0
69517 0
82298 0
1375 0
0 0
138130 0
29784 0
14264 0
27570 0
146177 0
183011 0
0 0
10762 0
29408 0
154908 0
44148 0
28113 0
57489 0
60618 0
30735 0
52658 0
0 0
20655 0
21330 0
9054 0
133125 0
29064 0
31071 0
38477 0
25778 0
61192 0
6758 0
0 0
31796 0
113895 0
0 0
1058 0
31018 0
76438 0
66269 0
45483 0
612 0
116592 0
0 0
47236 0
8870 0
161730 0
4253 0
189678 0
19959 0
60063 0
45108 0
19405 0
0 0
9445 0
142448 0
0 0
24895 0
86165 0
2724 0
11648 0
0 0
0 0
6061 0
900 0
174180 0
137888 0
26742 0
84917 0
9150 0
0 0
25062 0
15099 0
118870 0
31048 0
104760 0
0 0
0 0
15956 0
29289 0
33144 0
8422 0
11096 0
45760 0
26242 0
8028 0
55049 0
159308 0
31846 0
34448 0
0 0
0 0
0 0
127265 0
13711 0
67310 0
8480 0
17163 0
10777 0
757 0
2903 0
48162 0
7114 0
9084 0
47158 0
95095 0
18386 0
54279 0
20004 0
30257 0
49596 0
24773 0
121244 0
0 0
5224 0
22832 0
5756 0
16692 0
14590 0
25003 0
20706 0
8577 0
21365 0
65507 0
22829 0
35400 0
74951 0
86378 0
122868 0
27816 0
0 0
19944 0
160729 0
26773 0
5167 0
21261 0
71832 0
6665 0
1074 0
92733 0
10479 0
767 0
118087 0
33962 0
0 0
38206 0
30055 0
6732 0
33022 0
0 0
66204 0
57841 0
29708 0
0 0
0 0
0 0
81896 0
96902 0
90180 0
12458 0
8673 0
10834 0
15148 0
0 0
64956 0
122469 0
28009 0
131496 0
21885 0
4731 0
21189 0
15380 0
82780 0
129032 0
0 0
1138 0
18447 0
62438 0
120694 0
66139 0
89850 0
70581 0
28568 0
0 0
126201 0
15686 0
82785 0
196030 0
0 0
163773 0
0 0
25126 0
0 0
116211 0
17026 0
11004 0
32438 0
46928 0
14898 0
0 0
30470 0
65920 0
30541 0
26320 0
6283 0
0 0
44061 0
0 0
0 0
76930 0
83676 0
4230 0
2782 0
0 0
137656 0
32177 0
147674 0
11876 0
1251 0
3640 0
103875 0
0 0
19165 0
107033 0
0 0
0 0
99106 0
3447 0
11670 0
97630 0
876 0
32800 0
30612 0
0 0
0 0
71328 0
0 0
17791 0
0 0
94285 0
18758 0
102991 0
19651 0
26698 0
51456 0
24315 0
6083 0
82577 0
0 0
20057 0
94774 0
113322 0
83008 0
112038 0
4671 0
34552 0
10131 0
121599 0
13922 0
74672 0
14824 0
203729 0
8996 0
124192 0
4851 0
138101 0
91335 0
84760 0
31952 0
30603 0
255 0
0 0
8536 0
1170 0
12578 0
0 0
58283 0
138412 0
385 0
0 0
26542 0
149120 0
208510 0
55529 0
5842 0
22815 0
78741 0
0 0
45833 0
59103 0
12022 0
31523 0
63714 0
3113 0
2932 0
17762 0
68929 0
0 0
11762 0
66726 0
157380 0
66051 0
60768 0
56786 0
133272 0
22300 0
0 0
115704 0
0 0
16000 0
95670 0
28829 0
111477 0
43000 0
162999 0
90911 0
82806 0
115541 0
63238 0
0 0
1538 0
21499 0
37106 0
0 0
79463 0
0 0
120405 0
91159 0
5273 0
7631 0
1907 0
11332 0
39594 0
23428 0
1294 0
9138 0
80499 0
52788 0
25209 0
41613 0
23500 0
11254 0
4909 0
117005 0
68192 0
67044 0
8661 0
18770 0
60428 0
68804 0
59462 0
25493 0
139548 0
0 0
18196 0
7673 0
40320 0
29861 0
67032 0
17632 0
0 0
0 0
202748 0
14066 0
31659 0
42024 0
290 0
46071 0
60801 0
64830 0
0 0
113931 0
0 0
21651 0
49990 0
68384 0
135820 0
55828 0
10436 0
8736 0
16020 0
1208 0
0 0
8655 0
28786 0
14986 0
67375 0
113485 0
114687 0
4949 0
1160 0
0 0
22067 0
75574 0
124998 0
0 0
59866 0
13195 0
5252 0
68274 0
24822 0
22669 0
2813 0
54948 0
294 0
70927 0
9152 0
17153 0
9240 0
0 0
0 0
76621 0
0 0
22852 0
67372 0
66459 0
553 0
35160 0
27905 0
0 0
78563 0
144084 0
0 0
54740 0
44975 0
119670 0
11614 0
69003 0
104967 0
0 0
39546 0
52189 0
83030 0
73340 0
115616 0
76040 0
0 0
161748 0
83201 0
0 0
0 0
40835 0
11609 0
42440 0
168796 0
11135 0
97330 0
106981 0
86597 0
3450 0
0 0
148835 0
7104 0
153430 0
33992 0
0 0
0 0
24320 0
9447 0
47733 0
972 0
0 0
0 0
46325 0
33499 0
0 0
540 0
46644 0
105459 0
64139 0
1844 0
21771 0
28946 0
19735 0
98770 0
968 0
0 0
94287 0
75409 0
5403 0
0 0
5131 0
32403 0
0 0
102574 0
6717 0
59280 0
43462 0
109921 0
33534 0
93567 0
45920 0
14623 0
0 0
24416 0
71223 0
67992 0
37739 0
82882 0
31600 0
18593 0
624 0
0 0
122904 0
220038 0
0 0
24188 0
0 0
3120 0
36018 0
4111 0
125885 0
76127 0
76525 0
36466 0
9222 0
123448 0
0 0
18509 0
19773 0
188 0
84342 0
0 0
122247 0
0 0
0 0
3523 0
45952 0
129835 0
16625 0
95656 0
0 0
78861 0
45066 0
5356 0
0 0
0 0
0 0
74018 0
89 0
19748 0
36435 0
10253 0
2181 0
48360 0
0 0
6891 0
174501 0
72160 0
2370 0
42780 0
94159 0
19179 0
86449 0
74589 0
17847 0
61593 0
2994 0
44544 0
67333 0
29908 0
11621 0
0 0
0 0
4382 0
93119 0
0 0
27997 0
33871 0
0 0
56149 0
53117 0
12536 0
40064 0
0 0
0 0
81635 0
71560 0
25600 0
31988 0
17426 0
78463 0
43377 0
11033 0
104532 0
38427 0
42167 0
14423 0
0 0
83709 0
62178 0
11330 0
76448 0
0 0
22780 0
23281 0
9332 0
19873 0
78810 0
97369 0
18674 0
3890 0
6744 0
7233 0
32553 0
53744 0
73386 0
22899 0
92827 0
32334 0
189961 0
180638 0
36672 0
57912 0
56004 0
32103 0
160410 0
2599 0
4261 0
168863 0
528 0
27373 0
39172 0
86839 0
108924 0
16715 0
84859 0
0 0
53177 0
96272 0
24458 0
59670 0
83817 0
22406 0
67361 0
0 0
83325 0
147181 0
1427 0
79560 0
92318 0
79480 0
75314 0
1534 0
53298 0
0 0
0 0
94014 0
79610 0
0 0
82526 0
18702 0
0 0
0 0
241 0
1728 0
14422 0
29036 0
25864 0
24930 0
23325 0
36444 0
52857 0
0 0
30539 0
27731 0
103431 0
11020 0
45152 0
103703 0
8949 0
103971 0
41239 0
0 0
153487 0
30896 0
11260 0
27180 0
8100 0
0 0
29976 0
81725 0
0 0
24904 0
69747 0
105926 0
0 0
0 0
20408 0
17804 0
23320 0
18407 0
32289 0
0 0
108659 0
103457 0
24892 0
48532 0
9450 0
91408 0
16968 0
17272 0
32154 0
20460 0
105111 0
134056 0
10487 0
41972 0
54761 0
0 0
88906 0
8924 0
1399 0
51232 0
30433 0
126693 0
2649 0
90960 0
86695 0
35212 0
47709 0
0 0
47132 0
2147 0
59663 0
182277 0
0 0
32108 0
0 0
114091 0
30937 0
26246 0
7149 0
159010 0
72112 0
16441 0
0 0
26978 0
313 0
1036 0
32318 0
29841 0
72403 0
144462 0
26700 0
0 0
0 0
8929 0
5554 0
24263 0
26167 0
0 0
56089 0
78959 0
35161 0
16913 0
15761 0
46988 0
109476 0
45266 0
29572 0
109498 0
72403 0
36587 0
40447 0
8341 0
0 0
47262 0
97809 0
42155 0
29726 0
10204 0
16526 0
49827 0
21032 0
153617 0
40540 0
43410 0
11856 0
18697 0
82212 0
44261 0
59762 0
1296 0
4334 0
0 0
87741 0
20613 0
34084 0
8268 0
64180 0
23501 0
90969 0
248 0
14949 0
76248 0
96629 0
145937 0
24881 0
46432 0
0 0
69408 0
21333 0
0 0
16326 0
51304 0
6867 0
17007 0
9753 0
0 0
69714 0
21186 0
50850 0
127261 0
50266 0
151655 0
63461 0
19739 0
0 0
7034 0
13749 0
0 0
44766 0
2906 0
67499 0
17481 0
78594 0
78877 0
89060 0
564 0
15811 0
0 0
119289 0
144856 0
142315 0
68916 0
0 0
27908 0
41028 0
179102 0
93628 0
27507 0
20526 0
26084 0
76770 0
52500 0
23162 0
0 0
3663 0
25372 0
12751 0
3060 0
14853 0
76543 0
18800 0
49195 0
15361 0
49307 0
17788 0
36381 0
11483 0
31867 0
81217 0
100352 0
28773 0
12411 0
8111 0
33391 0
11883 0
61944 0
16228 0
198296 0
4330 0
79679 0
120612 0
87789 0
107099 0
19519 0
0 0
11673 0
54032 0
62420 0
132335 0
27034 0
76058 0
29441 0
114531 0
108977 0
59966 0
58476 0
37911 0
21060 0
214 0
0 0
26478 0
22134 0
98873 0
60324 0
22024 0
37212 0
41254 0
8129 0
76676 0
20330 0
38442 0
76666 0
82440 0
138282 0
79394 0
92556 0
153872 0
42138 0
0 0
29220 0
96803 0
125195 0
8356 0
36169 0
2931 0
161215 0
0 0
45558 0
0 0
35262 0
24237 0
54953 0
58402 0
20191 0
905 0
113887 0
187188 0
111933 0
5781 0
6664 0
0 0
199060 0
64344 0
77795 0
0 0
11414 0
51605 0
79772 0
22355 0
107091 0
3832 0
91202 0
6550 0
16176 0
71263 0
26494 0
56786 0
20152 0
4544 0
23818 0
38990 0
123071 0
99205 0
38864 0
38360 0
35739 0
129955 0
0 0
34327 0
10616 0
0 0
4142 0
31766 0
48542 0
29767 0
21594 0
4392 0
18060 0
19809 0
5378 0
0 0
0 0
4066 0
95875 0
9150 0
124765 0
0 0
50030 0
166843 0
12239 0
56694 0
73263 0
73028 0
18554 0
26169 0
0 0
27398 0
80569 0
44665 0
6284 0
58303 0
27649 0
87359 0
118763 0
65130 0
64372 0
20776 0
4753 0
116031 0
46420 0
801 0
160 0
31847 0
30617 0
39441 0
33475 0
7495 0
0 0
140514 0
16745 0
15951 0
